4520 49
1 A -1 1
1 C 0 2
1 T 1 3
1 T 2 4
1 T 3 5
1 T 4 6
1 A 5 7
1 T 6 8
1 T 7 9
1 A 8 10
1 C 9 11
1 G 10 12
1 T 11 13
1 C 12 14
1 G 13 15
1 T 14 16
1 T 15 17
1 T 16 18
1 A 17 19
1 C 18 20
1 C 19 21
1 C 20 22
1 T 21 23
1 G 22 24
1 C 23 25
1 G 24 26
1 G 25 27
1 T 26 28
1 G 27 29
1 A 28 30
1 G 29 31
1 T 30 32
1 C 31 33
1 T 32 34
1 G 33 35
1 A 34 36
1 G 35 37
1 G 36 38
1 T 37 39
1 T 38 40
1 T 39 41
1 C 40 42
1 T 41 43
1 T 42 44
1 T 43 45
1 T 44 46
1 C 45 47
1 G 46 48
1 T 47 49
1 A 48 50
1 C 49 51
1 T 50 52
1 C 51 53
1 T 52 54
1 C 53 55
1 G 54 56
1 T 55 57
1 C 56 58
1 C 57 59
1 T 58 60
1 G 59 61
1 A 60 62
1 T 61 63
1 C 62 64
1 G 63 65
1 T 64 66
1 G 65 67
1 A 66 68
1 A 67 69
1 G 68 70
1 C 69 71
1 A 70 72
1 A 71 73
1 C 72 74
1 G 73 75
1 A 74 76
1 T 75 77
1 A 76 78
1 G 77 79
1 A 78 80
1 T 79 81
1 A 80 82
1 T 81 83
1 T 82 84
1 A 83 85
1 C 84 86
1 A 85 87
1 T 86 88
1 C 87 89
1 T 88 90
1 A 89 91
1 C 90 92
1 C 91 93
1 C 92 94
1 T 93 95
1 C 94 96
1 C 95 97
1 C 96 98
1 T 97 99
1 A 98 100
1 T 99 101
1 T 100 102
1 A 101 103
1 A 102 104
1 C 103 105
1 T 104 106
1 T 105 107
1 C 106 108
1 A 107 109
1 G 108 110
1 T 109 111
1 A 110 112
1 T 111 113
1 A 112 114
1 A 113 115
1 T 114 116
1 A 115 117
1 G 116 118
1 T 117 119
1 G 118 120
1 C 119 121
1 C 120 122
1 T 121 123
1 A 122 124
1 T 123 125
1 G 124 126
1 T 125 127
1 T 126 128
1 A 127 129
1 C 128 130
1 A 129 131
1 G 130 132
1 G 131 133
1 C 132 134
1 C 133 135
1 A 134 136
1 C 135 137
1 T 136 138
1 A 137 139
1 T 138 140
1 G 139 141
1 G 140 142
1 C 141 143
1 A 142 144
1 C 143 145
1 A 144 146
1 C 145 147
1 G 146 148
1 C 147 149
1 A 148 150
1 A 149 151
1 G 150 152
1 A 151 153
1 G 152 154
1 A 153 155
1 G 154 156
1 G 155 157
1 T 156 158
1 G 157 159
1 G 158 160
1 C 159 161
1 T 160 162
1 A 161 163
1 G 162 164
1 A 163 165
1 A 164 166
1 G 165 167
1 G 166 168
1 A 167 169
1 A 168 170
1 A 169 171
1 T 170 172
1 G 171 173
1 T 172 174
1 A 173 175
1 T 174 176
1 G 175 177
1 A 176 178
1 T 177 179
1 G 178 180
1 G 179 181
1 G 180 182
1 G 181 183
1 G 182 184
1 C 183 185
1 C 184 186
1 G 185 187
1 C 186 188
1 A 187 189
1 T 188 190
1 T 189 191
1 C 190 192
1 T 191 193
1 C 192 194
1 A 193 195
1 G 194 196
1 A 195 197
1 C 196 198
1 A 197 199
1 T 198 200
1 A 199 201
1 T 200 202
1 C 201 203
1 A 202 204
1 T 203 205
1 T 204 206
1 C 205 207
1 C 206 208
1 T 207 209
1 T 208 210
1 G 209 211
1 T 210 212
1 G 211 213
1 A 212 214
1 G 213 215
1 G 214 216
1 A 215 217
1 A 216 218
1 T 217 219
1 T 218 220
1 T 219 221
1 A 220 222
1 C 221 223
1 G 222 224
1 C 223 225
1 G 224 226
1 C 225 227
1 T 226 228
1 C 227 229
1 G 228 230
1 C 229 231
1 T 230 232
1 G 231 233
1 C 232 234
1 A 233 235
1 G 234 236
1 G 235 237
1 G 236 238
1 T 237 239
1 T 238 240
1 T 239 241
1 T 240 242
1 T 241 243
1 T 242 244
1 T 243 245
1 T 244 246
1 T 245 247
1 T 246 248
1 T 247 249
1 T 248 250
1 T 249 251
1 T 250 252
1 T 251 253
1 T 252 254
1 T 253 255
1 T 254 256
1 T 255 257
1 T 256 258
1 A 257 259
1 C 258 260
1 T 259 261
1 C 260 262
1 G 261 263
1 A 262 264
1 C 263 265
1 C 264 266
1 C 265 267
1 C 266 268
1 G 267 269
1 C 268 270
1 A 269 271
1 C 270 272
1 G 271 273
1 C 272 274
1 C 273 275
1 C 274 276
1 A 275 277
1 A 276 278
1 A 277 279
1 C 278 280
1 C 279 281
1 T 280 282
1 A 281 283
1 A 282 284
1 A 283 285
1 T 284 286
1 G 285 287
1 A 286 288
1 C 287 289
1 G 288 290
1 A 289 291
1 T 290 292
1 A 291 293
1 A 292 294
1 A 293 295
1 A 294 296
1 G 295 297
1 T 296 298
1 G 297 299
1 A 298 300
1 T 299 301
1 T 300 302
1 T 301 303
1 C 302 304
1 A 303 305
1 G 304 306
1 A 305 307
1 A 306 308
1 A 307 309
1 C 308 310
1 A 309 311
1 A 310 312
1 G 311 313
1 G 312 314
1 G 313 315
1 A 314 316
1 A 315 317
1 G 316 318
1 A 317 319
1 C 318 320
1 G 319 321
1 A 320 322
1 C 321 323
1 G 322 324
1 T 323 325
1 A 324 326
1 T 325 327
1 T 326 328
1 A 327 329
1 A 328 330
1 G 329 331
1 C 330 332
1 A 331 333
1 T 332 334
1 G 333 335
1 T 334 336
1 T 335 337
1 T 336 338
1 G 337 339
1 T 338 340
1 G 339 341
1 T 340 342
1 T 341 343
1 G 342 344
1 T 343 345
1 A 344 346
1 C 345 347
1 T 346 348
1 T 347 349
1 A 348 350
1 C 349 351
1 C 350 352
1 G 351 353
1 A 352 354
1 A 353 355
1 C 354 356
1 G 355 357
1 T 356 358
1 A 357 359
1 C 358 360
1 C 359 361
1 C 360 362
1 C 361 363
1 C 362 364
1 A 363 365
1 C 364 366
1 G 365 367
1 A 366 368
1 A 367 369
1 A 368 370
1 T 369 371
1 G 370 372
1 T 371 373
1 T 372 374
1 C 373 375
1 T 374 376
1 A 375 377
1 T 376 378
1 A 377 379
1 A 378 380
1 C 379 381
1 A 380 382
1 G 381 383
1 A 382 384
1 A 383 385
1 G 384 386
1 T 385 387
1 A 386 388
1 G 387 389
1 A 388 390
1 T 389 391
1 A 390 392
1 A 391 393
1 C 392 394
1 C 393 395
1 G 394 396
1 T 395 397
1 A 396 398
1 G 397 399
1 A 398 400
1 C 399 401
1 G 400 402
1 G 401 403
1 T 402 404
1 G 403 405
1 T 404 406
1 G 405 407
1 G 406 408
1 G 407 409
1 T 408 410
1 T 409 411
1 C 410 412
1 A 411 413
1 C 412 414
1 A 413 415
1 T 414 416
1 C 415 417
1 T 416 418
1 A 417 419
1 C 418 420
1 A 419 421
1 G 420 422
1 T 421 423
1 G 422 424
1 G 423 425
1 A 424 426
1 C 425 427
1 T 426 428
1 T 427 429
1 C 428 430
1 G 429 431
1 G 430 432
1 C 431 433
1 A 432 434
1 T 433 435
1 G 434 436
1 G 435 437
1 G 436 438
1 T 437 439
1 C 438 440
1 A 439 441
1 G 440 442
1 G 441 443
1 G 442 444
1 G 443 445
1 T 444 446
1 C 445 447
1 T 446 448
1 C 447 449
1 C 448 450
1 T 449 451
1 T 450 452
1 T 451 453
1 T 452 454
1 T 453 455
1 T 454 456
1 T 455 457
1 T 456 458
1 T 457 459
1 T 458 460
1 T 459 461
1 T 460 462
1 T 461 463
1 T 462 464
1 T 463 465
1 T 464 466
1 T 465 467
1 T 466 468
1 T 467 469
1 T 468 470
1 A 469 471
1 C 470 472
1 T 471 473
1 A 472 474
1 A 473 475
1 C 474 476
1 A 475 477
1 T 476 478
1 T 477 479
1 T 478 480
1 G 479 481
1 T 480 482
1 A 481 483
1 G 482 484
1 T 483 485
1 A 484 486
1 A 485 487
1 T 486 488
1 C 487 489
1 G 488 490
1 C 489 491
1 G 490 492
1 G 491 493
1 T 492 494
1 C 493 495
1 A 494 496
1 T 495 497
1 C 496 498
1 T 497 499
1 T 498 500
1 C 499 501
1 G 500 502
1 A 501 503
1 G 502 504
1 T 503 505
1 C 504 506
1 G 505 507
1 C 506 508
1 C 507 509
1 T 508 510
1 G 509 511
1 C 510 512
1 A 511 513
1 G 512 514
1 C 513 515
1 G 514 516
1 T 515 517
1 G 516 518
1 T 517 519
1 C 518 520
1 A 519 521
1 C 520 522
1 C 521 523
1 G 522 524
1 A 523 525
1 G 524 526
1 C 525 527
1 A 526 528
1 G 527 529
1 A 528 530
1 A 529 531
1 G 530 532
1 A 531 533
1 A 532 534
1 C 533 535
1 G 534 536
1 G 535 537
1 T 536 538
1 C 537 539
1 T 538 540
1 G 539 541
1 A 540 542
1 G 541 543
1 G 542 544
1 A 543 545
1 G 544 546
1 T 545 547
1 C 546 548
1 A 547 549
1 C 548 550
1 T 549 551
1 C 550 552
1 T 551 553
1 A 552 554
1 A 553 555
1 T 554 556
1 C 555 557
1 G 556 558
1 C 557 559
1 T 558 560
1 G 559 561
1 A 560 562
1 C 561 563
1 T 562 564
1 A 563 565
1 T 564 566
1 A 565 567
1 C 566 568
1 C 567 569
1 T 568 570
1 T 569 571
1 C 570 572
1 C 571 573
1 C 572 574
1 G 573 575
1 G 574 576
1 T 575 577
1 C 576 578
1 T 577 579
1 T 578 580
1 A 579 581
1 T 580 582
1 C 581 583
1 G 582 584
1 T 583 585
1 G 584 586
1 C 585 587
1 C 586 588
1 C 587 589
1 T 588 590
1 G 589 591
1 T 590 592
1 T 591 593
1 G 592 594
1 G 593 595
1 A 594 596
1 T 595 597
1 T 596 598
1 A 597 599
1 A 598 600
1 A 599 601
1 G 600 602
1 A 601 603
1 T 602 604
1 T 603 605
1 G 604 606
1 T 605 607
1 G 606 608
1 A 607 609
1 A 608 610
1 G 609 611
1 T 610 612
1 C 611 613
1 T 612 614
1 T 613 615
1 A 614 616
1 T 615 617
1 C 616 618
1 C 617 619
1 C 618 620
1 A 619 621
1 A 620 622
1 C 621 623
1 G 622 624
1 T 623 625
1 A 624 626
1 C 625 627
1 A 626 628
1 G 627 629
1 C 628 630
1 A 629 631
1 T 630 632
1 C 631 633
1 A 632 634
1 C 633 635
1 C 634 636
1 C 635 637
1 C 636 638
1 C 637 639
1 G 638 640
1 A 639 641
1 T 640 642
1 A 641 643
1 G 642 644
1 G 643 645
1 T 644 646
1 T 645 647
1 A 646 648
1 A 647 649
1 T 648 650
1 G 649 651
1 C 650 652
1 T 651 653
1 A 652 654
1 A 653 655
1 C 654 656
1 C 655 657
1 G 656 658
1 C 657 659
1 C 658 660
1 A 659 661
1 C 660 662
1 A 661 663
1 T 662 664
1 G 663 665
1 A 664 666
1 T 665 667
1 G 666 668
1 A 667 669
1 C 668 670
1 T 669 671
1 C 670 672
1 A 671 673
1 A 672 674
1 A 673 675
1 A 674 676
1 A 675 677
1 T 676 678
1 C 677 679
1 T 678 680
1 A 679 681
1 G 680 682
1 T 681 683
1 A 682 684
1 T 683 685
1 G 684 686
1 A 685 687
1 A 686 688
1 T 687 689
1 T 688 690
1 G 689 691
1 A 690 692
1 A 691 693
1 G 692 694
1 A 693 695
1 T 694 696
1 C 695 697
1 A 696 698
1 T 697 699
1 C 698 700
1 T 699 701
1 G 700 702
1 T 701 703
1 C 702 704
1 G 703 705
1 T 704 706
1 A 705 707
1 C 706 708
1 C 707 709
1 T 708 710
1 T 709 711
1 G 710 712
1 A 711 713
1 A 712 714
1 T 713 715
1 A 714 716
1 A 715 717
1 A 716 718
1 T 717 719
1 A 718 720
1 C 719 721
1 A 720 722
1 A 721 723
1 A 722 724
1 C 723 725
1 A 724 726
1 G 725 727
1 C 726 728
1 C 727 729
1 T 728 730
1 C 729 731
1 G 730 732
1 T 731 733
1 C 732 734
1 T 733 735
1 C 734 736
1 A 735 737
1 T 736 738
1 A 737 739
1 G 738 740
1 A 739 741
1 C 740 742
1 A 741 743
1 A 742 744
1 G 743 745
1 A 744 746
1 C 745 747
1 C 746 748
1 A 747 749
1 T 748 750
1 C 749 751
1 G 750 752
1 C 751 753
1 G 752 754
1 C 753 755
1 G 754 756
1 G 755 757
1 A 756 758
1 A 757 759
1 A 758 760
1 A 759 761
1 A 760 762
1 A 761 763
1 A 762 764
1 C 763 765
1 A 764 766
1 A 765 767
1 A 766 768
1 T 767 769
1 A 768 770
1 C 769 771
1 A 770 772
1 A 771 773
1 C 772 774
1 T 773 775
1 G 774 776
1 A 775 777
1 C 776 778
1 C 777 779
1 C 778 780
1 A 779 781
1 A 780 782
1 C 781 783
1 C 782 784
1 T 783 785
1 T 784 786
1 C 785 787
1 T 786 788
1 C 787 789
1 C 788 790
1 T 789 791
1 C 790 792
1 A 791 793
1 T 792 794
1 G 793 795
1 G 794 796
1 G 795 797
1 T 796 798
1 G 797 799
1 T 798 800
1 C 799 801
1 T 800 802
1 A 801 803
1 T 802 804
1 G 803 805
1 T 804 806
1 T 805 807
1 G 806 808
1 A 807 809
1 G 808 810
1 A 809 811
1 A 810 812
1 C 811 813
1 G 812 814
1 A 813 815
1 T 814 816
1 T 815 817
1 T 816 818
1 C 817 819
1 A 818 820
1 A 819 821
1 G 820 822
1 C 821 823
1 A 822 824
1 G 823 825
1 C 824 826
1 A 825 827
1 G 826 828
1 C 827 829
1 T 828 830
1 C 829 831
1 G 830 832
1 T 831 833
1 C 832 834
1 T 833 835
1 T 834 836
1 C 835 837
1 A 836 838
1 T 837 839
1 A 838 840
1 G 839 841
1 A 840 842
1 T 841 843
1 A 842 844
1 C 843 845
1 C 844 846
1 T 845 847
1 C 846 848
1 G 847 849
1 A 848 850
1 T 849 851
1 T 850 852
1 T 851 853
1 T 852 854
1 T 853 855
1 T 854 856
1 T 855 857
1 T 856 858
1 T 857 859
1 T 858 860
1 T 859 861
1 T 860 862
1 T 861 863
1 T 862 864
1 T 863 865
1 T 864 866
1 T 865 867
1 T 866 868
1 T 867 869
1 T 868 870
1 A 869 871
1 T 870 872
1 G 871 873
1 A 872 874
1 C 873 875
1 A 874 876
1 T 875 877
1 A 876 878
1 T 877 879
1 T 878 880
1 T 879 881
1 G 880 882
1 G 881 883
1 G 882 884
1 A 883 885
1 T 884 886
1 A 885 887
1 C 886 888
1 T 887 889
1 C 888 890
1 T 889 891
1 A 890 892
1 T 891 893
1 A 892 894
1 A 893 895
1 G 894 896
1 T 895 897
1 A 896 898
1 C 897 899
1 C 898 900
1 T 899 901
1 C 900 902
1 T 901 903
1 G 902 904
1 T 903 905
1 T 904 906
1 T 905 907
1 T 906 908
1 A 907 909
1 T 908 910
1 A 909 911
1 A 910 912
1 C 911 913
1 T 912 914
1 A 913 915
1 C 914 916
1 T 915 917
1 C 916 918
1 G 917 919
1 T 918 920
1 T 919 921
1 G 920 922
1 A 921 923
1 T 922 924
1 A 923 925
1 G 924 926
1 C 925 927
1 A 926 928
1 C 927 929
1 A 928 930
1 A 929 931
1 C 930 932
1 T 931 933
1 A 932 934
1 C 933 935
1 G 934 936
1 G 935 937
1 C 936 938
1 A 937 939
1 G 938 940
1 T 939 941
1 T 940 942
1 C 941 943
1 C 942 944
1 A 943 945
1 T 944 946
1 G 945 947
1 T 946 948
1 G 947 949
1 A 948 950
1 C 949 951
1 T 950 952
1 C 951 953
1 T 952 954
1 A 953 955
1 A 954 956
1 A 955 957
1 G 956 958
1 T 957 959
1 T 958 960
1 G 959 961
1 G 960 962
1 G 961 963
1 C 962 964
1 A 963 965
1 A 964 966
1 A 965 967
1 G 966 968
1 G 967 969
1 G 968 970
1 G 969 971
1 C 970 972
1 T 971 973
1 C 972 974
1 A 973 975
1 A 974 976
1 T 975 977
1 G 976 978
1 C 977 979
1 T 978 980
1 A 979 981
1 A 980 982
1 A 981 983
1 C 982 984
1 C 983 985
1 G 984 986
1 T 985 987
1 C 986 988
1 A 987 989
1 C 988 990
1 A 989 991
1 G 990 992
1 A 991 993
1 G 992 994
1 G 993 995
1 C 994 996
1 A 995 997
1 T 996 998
1 C 997 999
1 T 998 1000
1 C 999 1001
1 C 1000 1002
1 A 1001 1003
1 T 1002 1004
1 A 1003 1005
1 G 1004 1006
1 G 1005 1007
1 G 1006 1008
1 G 1007 1009
1 G 1008 1010
1 T 1009 1011
1 G 1010 1012
1 G 1011 1013
1 T 1012 1014
1 C 1013 1015
1 A 1014 1016
1 T 1015 1017
1 C 1016 1018
1 G 1017 1019
1 T 1018 1020
1 G 1019 1021
1 G 1020 1022
1 C 1021 1023
1 T 1022 1024
1 T 1023 1025
1 A 1024 1026
1 A 1025 1027
1 T 1026 1028
1 A 1027 1029
1 T 1028 1030
1 A 1029 1031
1 A 1030 1032
1 G 1031 1033
1 A 1032 1034
1 G 1033 1035
1 T 1034 1036
1 A 1035 1037
1 C 1036 1038
1 C 1037 1039
1 G 1038 1040
1 G 1039 1041
1 C 1040 1042
1 T 1041 1043
1 T 1042 1044
1 T 1043 1045
1 T 1044 1046
1 T 1045 1047
1 T 1046 1048
1 A 1047 1049
1 T 1048 1050
1 C 1049 1051
1 G 1050 1052
1 A 1051 1053
1 A 1052 1054
1 C 1053 1055
1 A 1054 1056
1 A 1055 1057
1 A 1056 1058
1 C 1057 1059
1 T 1058 1060
1 C 1059 1061
1 A 1060 1062
1 A 1061 1063
1 G 1062 1064
1 T 1063 1065
1 C 1064 1066
1 C 1065 1067
1 G 1066 1068
1 C 1067 1069
1 G 1068 1070
1 T 1069 1071
1 T 1070 1072
1 G 1071 1073
1 G 1072 1074
1 C 1073 1075
1 C 1074 1076
1 T 1075 1077
1 C 1076 1078
1 G 1077 1079
1 T 1078 1080
1 A 1079 1081
1 A 1080 1082
1 T 1081 1083
1 A 1082 1084
1 G 1083 1085
1 C 1084 1086
1 A 1085 1087
1 T 1086 1088
1 C 1087 1089
1 T 1088 1090
1 C 1089 1091
1 T 1090 1092
1 T 1091 1093
1 T 1092 1094
1 G 1093 1095
1 C 1094 1096
1 T 1095 1097
1 C 1096 1098
1 G 1097 1099
1 C 1098 1100
1 T 1099 1101
1 C 1100 1102
1 C 1101 1103
1 T 1102 1104
1 C 1103 1105
1 C 1104 1106
1 C 1105 1107
1 T 1106 1108
1 G 1107 1109
1 G 1108 1110
1 G 1109 1111
1 G 1110 1112
1 T 1111 1113
1 A 1112 1114
1 C 1113 1115
1 C 1114 1116
1 T 1115 1117
1 G 1116 1118
1 G 1117 1119
1 C 1118 1120
1 T 1119 1121
1 A 1120 1122
1 A 1121 1123
1 A 1122 1124
1 A 1123 1125
1 C 1124 1126
1 C 1125 1127
1 T 1126 1128
1 T 1127 1129
1 A 1128 1130
1 T 1129 1131
1 A 1130 1132
1 G 1131 1133
1 A 1132 1134
1 A 1133 1135
1 C 1134 1136
1 G 1135 1137
1 G 1136 1138
1 C 1137 1139
1 A 1138 1140
1 C 1139 1141
1 T 1140 1142
1 A 1141 1143
1 T 1142 1144
1 A 1143 1145
1 C 1144 1146
1 G 1145 1147
1 T 1146 1148
1 C 1147 1149
1 A 1148 1150
1 T 1149 1151
1 A 1150 1152
1 C 1151 1153
1 T 1152 1154
1 A 1153 1155
1 G 1154 1156
1 G 1155 1157
1 A 1156 1158
1 T 1157 1159
1 T 1158 1160
1 T 1159 1161
1 G 1160 1162
1 A 1161 1163
1 T 1162 1164
1 C 1163 1165
1 G 1164 1166
1 T 1165 1167
1 A 1166 1168
1 T 1167 1169
1 A 1168 1170
1 A 1169 1171
1 T 1170 1172
1 A 1171 1173
1 G 1172 1174
1 G 1173 1175
1 T 1174 1176
1 A 1175 1177
1 G 1176 1178
1 C 1177 1179
1 C 1178 1180
1 A 1179 1181
1 A 1180 1182
1 G 1181 1183
1 G 1182 1184
1 G 1183 1185
1 A 1184 1186
1 T 1185 1187
1 A 1186 1188
1 A 1187 1189
1 T 1188 1190
1 A 1189 1191
1 A 1190 1192
1 G 1191 1193
1 T 1192 1194
1 T 1193 1195
1 C 1194 1196
1 T 1195 1197
1 G 1196 1198
1 T 1197 1199
1 G 1198 1200
1 T 1199 1201
1 C 1200 1202
1 C 1201 1203
1 A 1202 1204
1 A 1203 1205
1 G 1204 1206
1 C 1205 1207
1 C 1206 1208
1 C 1207 1209
1 C 1208 1210
1 T 1209 1211
1 G 1210 1212
1 A 1211 1213
1 G 1212 1214
1 A 1213 1215
1 T 1214 1216
1 C 1215 1217
1 T 1216 1218
1 T 1217 1219
1 T 1218 1220
1 G 1219 1221
1 T 1220 1222
1 G 1221 1223
1 C 1222 1224
1 A 1223 1225
1 G 1224 1226
1 G 1225 1227
1 C 1226 1228
1 C 1227 1229
1 G 1228 1230
1 C 1229 1231
1 A 1230 1232
1 C 1231 1233
1 C 1232 1234
1 A 1233 1235
1 G 1234 1236
1 G 1235 1237
1 T 1236 1238
1 T 1237 1239
1 A 1238 1240
1 C 1239 1241
1 A 1240 1242
1 T 1241 1243
1 T 1242 1244
1 G 1243 1245
1 C 1244 1246
1 T 1245 1247
1 T 1246 1248
1 G 1247 1249
1 A 1248 1250
1 C 1249 1251
1 G 1250 1252
1 T 1251 1253
1 A 1252 1254
1 T 1253 1255
1 A 1254 1256
1 C 1255 1257
1 G 1256 1258
1 T 1257 1259
1 G 1258 1260
1 A 1259 1261
1 A 1260 1262
1 T 1261 1263
1 A 1262 1264
1 G 1263 1265
1 C 1264 1266
1 A 1265 1267
1 G 1266 1268
1 G 1267 1269
1 C 1268 1270
1 T 1269 1271
1 T 1270 1272
1 C 1271 1273
1 A 1272 1274
1 G 1273 1275
1 G 1274 1276
1 T 1275 1277
1 G 1276 1278
1 G 1277 1279
1 T 1278 1280
1 T 1279 1281
1 G 1280 1282
1 C 1281 1283
1 T 1282 1284
1 C 1283 1285
1 T 1284 1286
1 A 1285 1287
1 G 1286 1288
1 G 1287 1289
1 A 1288 1290
1 T 1289 1291
1 C 1290 1292
1 T 1291 1293
1 A 1292 1294
1 C 1293 1295
1 C 1294 1296
1 T 1295 1297
1 A 1296 1298
1 C 1297 1299
1 A 1298 1300
1 C 1299 1301
1 T 1300 1302
1 C 1301 1303
1 C 1302 1304
1 T 1303 1305
1 C 1304 1306
1 T 1305 1307
1 T 1306 1308
1 C 1307 1309
1 G 1308 1310
1 T 1309 1311
1 C 1310 1312
1 G 1311 1313
1 T 1312 1314
1 C 1313 1315
1 G 1314 1316
1 T 1315 1317
1 A 1316 1318
1 C 1317 1319
1 T 1318 1320
1 C 1319 1321
1 C 1320 1322
1 G 1321 1323
1 C 1322 1324
1 G 1323 1325
1 G 1324 1326
1 G 1325 1327
1 C 1326 1328
1 A 1327 1329
1 C 1328 1330
1 C 1329 1331
1 G 1330 1332
1 T 1331 1333
1 A 1332 1334
1 G 1333 1335
1 A 1334 1336
1 C 1335 1337
1 A 1336 1338
1 A 1337 1339
1 C 1338 1340
1 C 1339 1341
1 A 1340 1342
1 G 1341 1343
1 G 1342 1344
1 A 1343 1345
1 G 1344 1346
1 T 1345 1347
1 C 1346 1348
1 A 1347 1349
1 C 1348 1350
1 A 1349 1351
1 A 1350 1352
1 G 1351 1353
1 A 1352 1354
1 G 1353 1355
1 T 1354 1356
1 A 1355 1357
1 G 1356 1358
1 G 1357 1359
1 G 1358 1360
1 G 1359 1361
1 C 1360 1362
1 C 1361 1363
1 T 1362 1364
1 A 1363 1365
1 G 1364 1366
1 A 1365 1367
1 G 1366 1368
1 A 1367 1369
1 A 1368 1370
1 T 1369 1371
1 T 1370 1372
1 T 1371 1373
1 T 1372 1374
1 C 1373 1375
1 A 1374 1376
1 C 1375 1377
1 C 1376 1378
1 A 1377 1379
1 G 1378 1380
1 T 1379 1381
1 A 1380 1382
1 T 1381 1383
1 A 1382 1384
1 A 1383 1385
1 G 1384 1386
1 C 1385 1387
1 A 1386 1388
1 C 1387 1389
1 G 1388 1390
1 A 1389 1391
1 G 1390 1392
1 G 1391 1393
1 G 1392 1394
1 A 1393 1395
1 C 1394 1396
1 G 1395 1397
1 G 1396 1398
1 G 1397 1399
1 A 1398 1400
1 G 1399 1401
1 G 1400 1402
1 T 1401 1403
1 T 1402 1404
1 A 1403 1405
1 T 1404 1406
1 A 1405 1407
1 T 1406 1408
1 A 1407 1409
1 T 1408 1410
1 C 1409 1411
1 A 1410 1412
1 G 1411 1413
1 A 1412 1414
1 G 1413 1415
1 C 1414 1416
1 T 1415 1417
1 C 1416 1418
1 C 1417 1419
1 A 1418 1420
1 T 1419 1421
1 A 1420 1422
1 C 1421 1423
1 G 1422 1424
1 G 1423 1425
1 G 1424 1426
1 G 1425 1427
1 G 1426 1428
1 A 1427 1429
1 G 1428 1430
1 G 1429 1431
1 C 1430 1432
1 T 1431 1433
1 C 1432 1434
1 T 1433 1435
1 C 1434 1436
1 C 1435 1437
1 C 1436 1438
1 A 1437 1439
1 T 1438 1440
1 C 1439 1441
1 A 1440 1442
1 G 1441 1443
1 G 1442 1444
1 A 1443 1445
1 A 1444 1446
1 T 1445 1447
1 A 1446 1448
1 A 1447 1449
1 C 1448 1450
1 G 1449 1451
1 C 1450 1452
1 A 1451 1453
1 T 1452 1454
1 A 1453 1455
1 G 1454 1456
1 G 1455 1457
1 T 1456 1458
1 T 1457 1459
1 C 1458 1460
1 G 1459 1461
1 A 1460 1462
1 G 1461 1463
1 T 1462 1464
1 A 1463 1465
1 G 1464 1466
1 A 1465 1467
1 A 1466 1468
1 C 1467 1469
1 T 1468 1470
1 C 1469 1471
1 C 1470 1472
1 G 1471 1473
1 C 1472 1474
1 G 1473 1475
1 C 1474 1476
1 T 1475 1477
1 T 1476 1478
1 T 1477 1479
1 A 1478 1480
1 T 1479 1481
1 A 1480 1482
1 C 1481 1483
1 A 1482 1484
1 A 1483 1485
1 C 1484 1486
1 C 1485 1487
1 A 1486 1488
1 C 1487 1489
1 C 1488 1490
1 A 1489 1491
1 A 1490 1492
1 G 1491 1493
1 C 1492 1494
1 C 1493 1495
1 A 1494 1496
1 C 1495 1497
1 C 1496 1498
1 T 1497 1499
1 G 1498 1500
1 A 1499 1501
1 G 1500 1502
1 G 1501 1503
1 C 1502 1504
1 C 1503 1505
1 T 1504 1506
1 C 1505 1507
1 A 1506 1508
1 C 1507 1509
1 G 1508 1510
1 T 1509 1511
1 A 1510 1512
1 A 1511 1513
1 G 1512 1514
1 G 1513 1515
1 G 1514 1516
1 A 1515 1517
1 T 1516 1518
1 G 1517 1519
1 A 1518 1520
1 A 1519 1521
1 G 1520 1522
1 T 1521 1523
1 T 1522 1524
1 T 1523 1525
1 G 1524 1526
1 T 1525 1527
1 C 1526 1528
1 A 1527 1529
1 A 1528 1530
1 G 1529 1531
1 A 1530 1532
1 A 1531 1533
1 A 1532 1534
1 A 1533 1535
1 A 1534 1536
1 G 1535 1537
1 T 1536 1538
1 A 1537 1539
1 G 1538 1540
1 A 1539 1541
1 C 1540 1542
1 A 1541 1543
1 G 1542 1544
1 C 1543 1545
1 T 1544 1546
1 G 1545 1547
1 A 1546 1548
1 C 1547 1549
1 A 1548 1550
1 C 1549 1551
1 G 1550 1552
1 A 1551 1553
1 T 1552 1554
1 T 1553 1555
1 C 1554 1556
1 G 1555 1557
1 T 1556 1558
1 T 1557 1559
1 C 1558 1560
1 G 1559 1561
1 C 1560 1562
1 A 1561 1563
1 A 1562 1564
1 C 1563 1565
1 A 1564 1566
1 C 1565 1567
1 T 1566 1568
1 A 1567 1569
1 G 1568 1570
1 T 1569 1571
1 C 1570 1572
1 G 1571 1573
1 G 1572 1574
1 G 1573 1575
1 C 1574 1576
1 G 1575 1577
1 A 1576 1578
1 T 1577 1579
1 T 1578 1580
1 T 1579 1581
1 G 1580 1582
1 T 1581 1583
1 C 1582 1584
1 C 1583 1585
1 T 1584 1586
1 T 1585 1587
1 T 1586 1588
1 A 1587 1589
1 G 1588 1590
1 C 1589 1591
1 G 1590 1592
1 G 1591 1593
1 A 1592 1594
1 T 1593 1595
1 A 1594 1596
1 A 1595 1597
1 A 1596 1598
1 C 1597 1599
1 T 1598 1600
1 A 1599 1601
1 A 1600 1602
1 G 1601 1603
1 C 1602 1604
1 C 1603 1605
1 C 1604 1606
1 T 1605 1607
1 C 1606 1608
1 T 1607 1609
1 G 1608 1610
1 G 1609 1611
1 C 1610 1612
1 G 1611 1613
1 T 1612 1614
1 G 1613 1615
1 G 1614 1616
1 G 1615 1617
1 G 1616 1618
1 T 1617 1619
1 A 1618 1620
1 C 1619 1621
1 T 1620 1622
1 G 1621 1623
1 G 1622 1624
1 T 1623 1625
1 A 1624 1626
1 G 1625 1627
1 A 1626 1628
1 A 1627 1629
1 A 1628 1630
1 G 1629 1631
1 A 1630 1632
1 T 1631 1633
1 G 1632 1634
1 T 1633 1635
1 C 1634 1636
1 C 1635 1637
1 G 1636 1638
1 G 1637 1639
1 A 1638 1640
1 G 1639 1641
1 G 1640 1642
1 T 1641 1643
1 G 1642 1644
1 G 1643 1645
1 A 1644 1646
1 G 1645 1647
1 T 1646 1648
1 G 1647 1649
1 A 1648 1650
1 G 1649 1651
1 G 1650 1652
1 C 1651 1653
1 A 1652 1654
1 A 1653 1655
1 A 1654 1656
1 T 1655 1657
1 A 1656 1658
1 G 1657 1659
1 G 1658 1660
1 G 1659 1661
1 C 1660 1662
1 T 1661 1663
1 A 1662 1664
1 G 1663 1665
1 T 1664 1666
1 T 1665 1667
1 T 1666 1668
1 C 1667 1669
1 T 1668 1670
1 A 1669 1671
1 C 1670 1672
1 T 1671 1673
1 G 1672 1674
1 A 1673 1675
1 C 1674 1676
1 A 1675 1677
1 C 1676 1678
1 A 1677 1679
1 C 1678 1680
1 C 1679 1681
1 C 1680 1682
1 A 1681 1683
1 C 1682 1684
1 C 1683 1685
1 G 1684 1686
1 C 1685 1687
1 G 1686 1688
1 T 1687 1689
1 A 1688 1690
1 G 1689 1691
1 C 1690 1692
1 T 1691 1693
1 G 1692 1694
1 G 1693 1695
1 A 1694 1696
1 A 1695 1697
1 C 1696 1698
1 T 1697 1699
1 G 1698 1700
1 A 1699 1701
1 G 1700 1702
1 T 1701 1703
1 C 1702 1704
1 C 1703 1705
1 G 1704 1706
1 G 1705 1707
1 T 1706 1708
1 G 1707 1709
1 T 1708 1710
1 A 1709 1711
1 C 1710 1712
1 T 1711 1713
1 G 1712 1714
1 G 1713 1715
1 C 1714 1716
1 T 1715 1717
1 C 1716 1718
1 C 1717 1719
1 A 1718 1720
1 C 1719 1721
1 G 1720 1722
1 C 1721 1723
1 G 1722 1724
1 T 1723 1725
1 T 1724 1726
1 C 1725 1727
1 T 1726 1728
1 A 1727 1729
1 T 1728 1730
1 G 1729 1731
1 G 1730 1732
1 G 1731 1733
1 G 1732 1734
1 C 1733 1735
1 C 1734 1736
1 A 1735 1737
1 C 1736 1738
1 A 1737 1739
1 C 1738 1740
1 T 1739 1741
1 T 1740 1742
1 C 1741 1743
1 T 1742 1744
1 C 1743 1745
1 G 1744 1746
1 T 1745 1747
1 T 1746 1748
1 T 1747 1749
1 T 1748 1750
1 A 1749 1751
1 G 1750 1752
1 C 1751 1753
1 A 1752 1754
1 C 1753 1755
1 G 1754 1756
1 A 1755 1757
1 C 1756 1758
1 A 1757 1759
1 G 1758 1760
1 A 1759 1761
1 A 1760 1762
1 T 1761 1763
1 C 1762 1764
1 A 1763 1765
1 G 1764 1766
1 G 1765 1767
1 G 1766 1768
1 A 1767 1769
1 G 1768 1770
1 T 1769 1771
1 C 1770 1772
1 T 1771 1773
1 C 1772 1774
1 T 1773 1775
1 C 1774 1776
1 T 1775 1777
1 A 1776 1778
1 T 1777 1779
1 G 1778 1780
1 C 1779 1781
1 G 1780 1782
1 T 1781 1783
1 T 1782 1784
1 A 1783 1785
1 T 1784 1786
1 T 1785 1787
1 G 1786 1788
1 G 1787 1789
1 C 1788 1790
1 G 1789 1791
1 C 1790 1792
1 A 1791 1793
1 C 1792 1794
1 A 1793 1795
1 C 1794 1796
1 C 1795 1797
1 G 1796 1798
1 G 1797 1799
1 T 1798 1800
1 A 1799 1801
1 A 1800 1802
1 T 1801 1803
1 T 1802 1804
1 G 1803 1805
1 A 1804 1806
1 C 1805 1807
1 C 1806 1808
1 A 1807 1809
1 A 1808 1810
1 C 1809 1811
1 C 1810 1812
1 A 1811 1813
1 C 1812 1814
1 G 1813 1815
1 A 1814 1816
1 C 1815 1817
1 G 1816 1818
1 G 1817 1819
1 A 1818 1820
1 A 1819 1821
1 C 1820 1822
1 C 1821 1823
1 G 1822 1824
1 G 1823 1825
1 T 1824 1826
1 A 1825 1827
1 C 1826 1828
1 T 1827 1829
1 A 1828 1830
1 T 1829 1831
1 G 1830 1832
1 T 1831 1833
1 T 1832 1834
1 A 1833 1835
1 C 1834 1836
1 A 1835 1837
1 G 1836 1838
1 G 1837 1839
1 G 1838 1840
1 G 1839 1841
1 A 1840 1842
1 T 1841 1843
1 G 1842 1844
1 G 1843 1845
1 A 1844 1846
1 A 1845 1847
1 T 1846 1848
1 G 1847 1849
1 G 1848 1850
1 T 1849 1851
1 C 1850 1852
1 A 1851 1853
1 A 1852 1854
1 G 1853 1855
1 G 1854 1856
1 C 1855 1857
1 A 1856 1858
1 G 1857 1859
1 A 1858 1860
1 T 1859 1861
1 A 1860 1862
1 A 1861 1863
1 T 1862 1864
1 C 1863 1865
1 A 1864 1866
1 G 1865 1867
1 T 1866 1868
1 T 1867 1869
1 G 1868 1870
1 T 1869 1871
1 G 1870 1872
1 G 1871 1873
1 G 1872 1874
1 T 1873 1875
1 A 1874 1876
1 C 1875 1877
1 G 1876 1878
1 A 1877 1879
1 G 1878 1880
1 A 1879 1881
1 A 1880 1882
1 C 1881 1883
1 C 1882 1884
1 C 1883 1885
1 T 1884 1886
1 A 1885 1887
1 T 1886 1888
1 A 1887 1889
1 G 1888 1890
1 G 1889 1891
1 A 1890 1892
1 A 1891 1893
1 T 1892 1894
1 T 1893 1895
1 C 1894 1896
1 A 1895 1897
1 C 1896 1898
1 T 1897 1899
1 G 1898 1900
1 A 1899 1901
1 C 1900 1902
1 G 1901 1903
1 A 1902 1904
1 C 1903 1905
1 T 1904 1906
1 C 1905 1907
1 C 1906 1908
1 T 1907 1909
1 A 1908 1910
1 T 1909 1911
1 T 1910 1912
1 T 1911 1913
1 C 1912 1914
1 C 1913 1915
1 A 1914 1916
1 A 1915 1917
1 C 1916 1918
1 A 1917 1919
1 C 1918 1920
1 C 1919 1921
1 C 1920 1922
1 T 1921 1923
1 T 1922 1924
1 A 1923 1925
1 G 1924 1926
1 G 1925 1927
1 T 1926 1928
1 A 1927 1929
1 G 1928 1930
1 T 1929 1931
1 C 1930 1932
1 A 1931 1933
1 G 1932 1934
1 T 1933 1935
1 G 1934 1936
1 C 1935 1937
1 T 1936 1938
1 G 1937 1939
1 T 1938 1940
1 T 1939 1941
1 T 1940 1942
1 C 1941 1943
1 T 1942 1944
1 T 1943 1945
1 G 1944 1946
1 T 1945 1947
1 C 1946 1948
1 C 1947 1949
1 G 1948 1950
1 A 1949 1951
1 T 1950 1952
1 A 1951 1953
1 C 1952 1954
1 A 1953 1955
1 A 1954 1956
1 A 1955 1957
1 G 1956 1958
1 G 1957 1959
1 C 1958 1960
1 C 1959 1961
1 T 1960 1962
1 C 1961 1963
1 T 1962 1964
1 G 1963 1965
1 A 1964 1966
1 A 1965 1967
1 C 1966 1968
1 A 1967 1969
1 C 1968 1970
1 T 1969 1971
1 G 1970 1972
1 C 1971 1973
1 T 1972 1974
1 A 1973 1975
1 C 1974 1976
1 C 1975 1977
1 A 1976 1978
1 G 1977 1979
1 T 1978 1980
1 A 1979 1981
1 A 1980 1982
1 C 1981 1983
1 C 1982 1984
1 G 1983 1985
1 A 1984 1986
1 C 1985 1987
1 G 1986 1988
1 G 1987 1989
1 C 1988 1990
1 T 1989 1991
1 T 1990 1992
1 G 1991 1993
1 G 1992 1994
1 A 1993 1995
1 G 1994 1996
1 C 1995 1997
1 G 1996 1998
1 T 1997 1999
1 G 1998 2000
1 G 1999 2001
1 T 2000 2002
1 G 2001 2003
1 T 2002 2004
1 C 2003 2005
1 G 2004 2006
1 A 2005 2007
1 A 2006 2008
1 C 2007 2009
1 C 2008 2010
1 A 2009 2011
1 G 2010 2012
1 C 2011 2013
1 A 2012 2014
1 G 2013 2015
1 T 2014 2016
1 G 2015 2017
1 C 2016 2018
1 A 2017 2019
1 A 2018 2020
1 A 2019 2021
1 G 2020 2022
1 T 2021 2023
1 T 2022 2024
1 G 2023 2025
1 A 2024 2026
1 A 2025 2027
1 G 2026 2028
1 A 2027 2029
1 C 2028 2030
1 A 2029 2031
1 G 2030 2032
1 T 2031 2033
1 G 2032 2034
1 G 2033 2035
1 C 2034 2036
1 G 2035 2037
1 A 2036 2038
1 T 2037 2039
1 T 2038 2040
1 A 2039 2041
1 G 2040 2042
1 A 2041 2043
1 G 2042 2044
1 A 2043 2045
1 T 2044 2046
1 A 2045 2047
1 T 2046 2048
1 T 2047 2049
1 T 2048 2050
1 G 2049 2051
1 C 2050 2052
1 T 2051 2053
1 A 2052 2054
1 T 2053 2055
1 C 2054 2056
1 A 2055 2057
1 G 2056 2058
1 G 2057 2059
1 A 2058 2060
1 A 2059 2061
1 C 2060 2062
1 G 2061 2063
1 G 2062 2064
1 A 2063 2065
1 A 2064 2066
1 A 2065 2067
1 T 2066 2068
1 T 2067 2069
1 A 2068 2070
1 T 2069 2071
1 G 2070 2072
1 C 2071 2073
1 G 2072 2074
1 G 2073 2075
1 C 2074 2076
1 G 2075 2077
1 T 2076 2078
1 C 2077 2079
1 A 2078 2080
1 A 2079 2081
1 A 2080 2082
1 T 2081 2083
1 T 2082 2084
1 T 2083 2085
1 A 2084 2086
1 T 2085 2087
1 C 2086 2088
1 G 2087 2089
1 T 2088 2090
1 C 2089 2091
1 C 2090 2092
1 T 2091 2093
1 T 2092 2094
1 A 2093 2095
1 A 2094 2096
1 A 2095 2097
1 T 2096 2098
1 G 2097 2099
1 C 2098 2100
1 C 2099 2101
1 G 2100 2102
1 C 2101 2103
1 A 2102 2104
1 G 2103 2105
1 G 2104 2106
1 G 2105 2107
1 G 2106 2108
1 G 2107 2109
1 A 2108 2110
1 C 2109 2111
1 G 2110 2112
1 A 2111 2113
1 G 2112 2114
1 C 2113 2115
1 G 2114 2116
1 G 2115 2117
1 T 2116 2118
1 A 2117 2119
1 T 2118 2120
1 T 2119 2121
1 T 2120 2122
1 G 2121 2123
1 C 2122 2124
1 T 2123 2125
1 T 2124 2126
1 A 2125 2127
1 C 2126 2128
1 A 2127 2129
1 T 2128 2130
1 C 2129 2131
1 C 2130 2132
1 T 2131 2133
1 T 2132 2134
1 A 2133 2135
1 G 2134 2136
1 G 2135 2137
1 G 2136 2138
1 C 2137 2139
1 G 2138 2140
1 G 2139 2141
1 A 2140 2142
1 G 2141 2143
1 A 2142 2144
1 C 2143 2145
1 T 2144 2146
1 C 2145 2147
1 G 2146 2148
1 G 2147 2149
1 G 2148 2150
1 C 2149 2151
1 A 2150 2152
1 C 2151 2153
1 G 2152 2154
1 T 2153 2155
1 T 2154 2156
1 G 2155 2157
1 G 2156 2158
1 C 2157 2159
1 G 2158 2160
1 T 2159 2161
1 G 2160 2162
1 G 2161 2163
1 G 2162 2164
1 G 2163 2165
1 G 2164 2166
1 A 2165 2167
1 A 2166 2168
1 A 2167 2169
1 T 2168 2170
1 G 2169 2171
1 A 2170 2172
1 T 2171 2173
1 A 2172 2174
1 G 2173 2175
1 G 2174 2176
1 C 2175 2177
1 G 2176 2178
1 T 2177 2179
1 C 2178 2180
1 T 2179 2181
1 T 2180 2182
1 T 2181 2183
1 A 2182 2184
1 G 2183 2185
1 G 2184 2186
1 T 2185 2187
1 A 2186 2188
1 T 2187 2189
1 C 2188 2190
1 G 2189 2191
1 A 2190 2192
1 C 2191 2193
1 A 2192 2194
1 A 2193 2195
1 C 2194 2196
1 T 2195 2197
1 G 2196 2198
1 T 2197 2199
1 T 2198 2200
1 C 2199 2201
1 C 2200 2202
1 T 2201 2203
1 T 2202 2204
1 T 2203 2205
1 T 2204 2206
1 T 2205 2207
1 T 2206 2208
1 T 2207 2209
1 T 2208 2210
1 T 2209 2211
1 T 2210 2212
1 T 2211 2213
1 T 2212 2214
1 T 2213 2215
1 T 2214 2216
1 T 2215 2217
1 T 2216 2218
1 T 2217 2219
1 T 2218 2220
1 T 2219 2221
1 T 2220 2222
1 T 2221 2223
1 T 2222 2224
1 C 2223 2225
1 A 2224 2226
1 A 2225 2227
1 C 2226 2228
1 A 2227 2229
1 T 2228 2230
1 A 2229 2231
1 T 2230 2232
1 A 2231 2233
1 A 2232 2234
1 G 2233 2235
1 G 2234 2236
1 G 2235 2237
1 A 2236 2238
1 C 2237 2239
1 T 2238 2240
1 G 2239 2241
1 T 2240 2242
1 A 2241 2243
1 C 2242 2244
1 C 2243 2245
1 T 2244 2246
1 T 2245 2247
1 C 2246 2248
1 G 2247 2249
1 G 2248 2250
1 C 2249 2251
1 G 2250 2252
1 A 2251 2253
1 T 2252 2254
1 C 2253 2255
1 G 2254 2256
1 A 2255 2257
1 C 2256 2258
1 A 2257 2259
1 G 2258 2260
1 T 2259 2261
1 T 2260 2262
1 T 2261 2263
1 C 2262 2264
1 T 2263 2265
1 C 2264 2266
1 T 2265 2267
1 C 2266 2268
1 G 2267 2269
1 G 2268 2270
1 T 2269 2271
1 G 2270 2272
1 T 2271 2273
1 T 2272 2274
1 C 2273 2275
1 A 2274 2276
1 G 2275 2277
1 C 2276 2278
1 A 2277 2279
1 T 2278 2280
1 G 2279 2281
1 T 2280 2282
1 A 2281 2283
1 C 2282 2284
1 T 2283 2285
1 C 2284 2286
1 G 2285 2287
1 G 2286 2288
1 C 2287 2289
1 C 2288 2290
1 T 2289 2291
1 A 2290 2292
1 T 2291 2293
1 G 2292 2294
1 T 2293 2295
1 T 2294 2296
1 A 2295 2297
1 A 2296 2298
1 G 2297 2299
1 T 2298 2300
1 C 2299 2301
1 A 2300 2302
1 G 2301 2303
1 A 2302 2304
1 C 2303 2305
1 G 2304 2306
1 A 2305 2307
1 G 2306 2308
1 G 2307 2309
1 T 2308 2310
1 C 2309 2311
1 A 2310 2312
1 A 2311 2313
1 C 2312 2314
1 T 2313 2315
1 A 2314 2316
1 A 2315 2317
1 A 2316 2318
1 A 2317 2319
1 T 2318 2320
1 C 2319 2321
1 A 2320 2322
1 G 2321 2323
1 G 2322 2324
1 T 2323 2325
1 C 2324 2326
1 A 2325 2327
1 T 2326 2328
1 A 2327 2329
1 C 2328 2330
1 T 2329 2331
1 G 2330 2332
1 T 2331 2333
1 T 2332 2334
1 A 2333 2335
1 C 2334 2336
1 G 2335 2337
1 C 2336 2338
1 T 2337 2339
1 G 2338 2340
1 C 2339 2341
1 G 2340 2342
1 T 2341 2343
1 T 2342 2344
1 C 2343 2345
1 C 2344 2346
1 A 2345 2347
1 T 2346 -1
2 C -1 2349
2 C 2348 2350
2 T 2349 2351
2 T 2350 2352
2 G 2351 2353
2 A 2352 2354
2 C 2353 2355
2 C 2354 2356
2 A 2355 2357
2 T 2356 2358
2 T 2357 2359
2 C 2358 2360
2 A 2359 2361
2 A 2360 2362
2 G 2361 2363
2 A 2362 2364
2 A 2363 2365
2 A 2364 2366
2 C 2365 2367
2 C 2366 2368
2 A 2367 2369
2 G 2368 2370
2 T 2369 2371
2 G 2370 2372
2 T 2371 2373
2 T 2372 2374
2 G 2373 2375
2 G 2374 2376
2 G 2375 2377
2 T 2376 2378
2 C 2377 2379
2 A 2378 2380
2 G 2379 2381
2 T 2380 2382
2 T 2381 2383
2 G 2382 2384
2 T 2383 2385
2 A 2384 2386
2 T 2385 2387
2 T 2386 2388
2 T 2387 2389
2 G 2388 2390
2 T 2389 2391
2 T 2390 2392
2 T 2391 2393
2 A 2392 2394
2 T 2393 2395
2 A 2394 2396
2 G 2395 2397
2 G 2396 2398
2 G 2397 2399
2 G 2398 2400
2 T 2399 2401
2 A 2400 2402
2 A 2401 2403
2 C 2402 2404
2 A 2403 2405
2 T 2404 2406
2 A 2405 2407
2 G 2406 -1
3 T -1 2409
3 A 2408 2410
3 C 2409 2411
3 C 2410 2412
3 G 2411 2413
3 G 2412 2414
3 T 2413 2415
3 A 2414 2416
3 T 2415 2417
3 C 2416 2418
3 C 2417 2419
3 T 2418 2420
3 A 2419 2421
3 G 2420 2422
3 A 2421 2423
3 C 2422 2424
3 G 2423 2425
3 T 2424 2426
3 T 2425 2427
3 G 2426 2428
3 C 2427 2429
3 T 2428 2430
3 T 2429 2431
3 T 2430 2432
3 A 2431 2433
3 G 2432 2434
3 C 2433 2435
3 C 2434 2436
3 A 2435 2437
3 C 2436 2438
3 C 2437 2439
3 C 2438 2440
3 G 2439 2441
3 C 2440 2442
3 T 2441 2443
3 G 2442 2444
3 C 2443 2445
3 A 2444 2446
3 G 2445 2447
3 G 2446 2448
3 C 2447 2449
3 G 2448 2450
3 A 2449 2451
3 C 2450 2452
3 T 2451 2453
3 C 2452 2454
3 G 2453 2455
3 A 2454 2456
3 A 2455 2457
3 G 2456 2458
3 A 2457 2459
3 T 2458 2460
3 G 2459 2461
3 A 2460 2462
3 C 2461 2463
3 C 2462 2464
3 G 2463 2465
3 G 2464 2466
3 G 2465 -1
4 G -1 2468
4 A 2467 2469
4 T 2468 2470
4 C 2469 2471
4 T 2470 2472
4 G 2471 2473
4 T 2472 2474
4 G 2473 2475
4 A 2474 2476
4 C 2475 2477
4 G 2476 2478
4 G 2477 2479
4 C 2478 2480
4 G 2479 2481
4 T 2480 2482
4 G 2481 2483
4 C 2482 2484
4 G 2483 2485
4 G 2484 2486
4 G 2485 2487
4 T 2486 2488
4 C 2487 2489
4 G 2488 2490
4 A 2489 2491
4 T 2490 2492
4 A 2491 2493
4 C 2492 2494
4 C 2493 2495
4 T 2494 2496
4 A 2495 2497
4 A 2496 2498
4 A 2497 2499
4 G 2498 2500
4 A 2499 2501
4 C 2500 2502
4 C 2501 2503
4 A 2502 2504
4 C 2503 2505
4 T 2504 2506
4 G 2505 2507
4 T 2506 2508
4 C 2507 2509
4 T 2508 2510
4 T 2509 2511
4 C 2510 2512
4 A 2511 2513
4 A 2512 2514
4 C 2513 2515
4 A 2514 2516
4 A 2515 2517
4 A 2516 2518
4 T 2517 2519
4 A 2518 2520
4 T 2519 2521
4 G 2520 2522
4 T 2521 2523
4 C 2522 2524
4 A 2523 2525
4 T 2524 -1
5 T -1 2527
5 G 2526 2528
5 T 2527 2529
5 A 2528 2530
5 G 2529 2531
5 G 2530 2532
5 T 2531 2533
5 A 2532 2534
5 G 2533 2535
5 T 2534 2536
5 C 2535 2537
5 C 2536 2538
5 G 2537 2539
5 T 2538 2540
5 C 2539 2541
5 G 2540 2542
5 T 2541 2543
5 G 2542 2544
5 A 2543 2545
5 T 2544 2546
5 T 2545 2547
5 T 2546 2548
5 T 2547 2549
5 T 2548 2550
5 G 2549 2551
5 C 2550 2552
5 G 2551 2553
5 C 2552 2554
5 G 2553 2555
5 A 2554 2556
5 T 2555 2557
5 G 2556 2558
5 G 2557 2559
5 G 2558 2560
5 A 2559 2561
5 A 2560 2562
5 A 2561 2563
5 T 2562 2564
5 C 2563 2565
5 G 2564 2566
5 T 2565 2567
5 T 2566 2568
5 C 2567 2569
5 T 2568 2570
5 C 2569 2571
5 A 2570 2572
5 A 2571 2573
5 C 2572 2574
5 A 2573 2575
5 T 2574 2576
5 A 2575 2577
5 G 2576 2578
5 A 2577 2579
5 C 2578 2580
5 A 2579 2581
5 C 2580 2582
5 C 2581 2583
5 C 2582 2584
5 A 2583 -1
6 T -1 2586
6 A 2585 2587
6 T 2586 2588
6 C 2587 2589
6 T 2588 2590
6 A 2589 2591
6 T 2590 2592
6 G 2591 2593
6 A 2592 2594
6 A 2593 2595
6 G 2594 2596
6 A 2595 2597
6 C 2596 2598
6 G 2597 2599
6 A 2598 2600
6 G 2599 2601
6 C 2600 2602
6 G 2601 2603
6 T 2602 2604
6 A 2603 2605
6 C 2604 2606
6 A 2605 2607
6 G 2606 2608
6 T 2607 2609
6 T 2608 2610
6 C 2609 2611
6 T 2610 2612
6 T 2611 2613
6 C 2612 2614
6 A 2613 2615
6 A 2614 2616
6 T 2615 2617
6 T 2616 2618
6 T 2617 2619
6 A 2618 2620
6 G 2619 2621
6 C 2620 2622
6 A 2621 2623
6 T 2622 2624
6 G 2623 2625
6 A 2624 2626
6 C 2625 2627
6 G 2626 2628
6 A 2627 2629
6 C 2628 2630
6 G 2629 2631
6 A 2630 2632
6 C 2631 2633
6 A 2632 2634
6 G 2633 2635
6 A 2634 2636
6 A 2635 2637
6 C 2636 2638
6 T 2637 2639
6 T 2638 2640
6 A 2639 2641
6 T 2640 2642
6 T 2641 -1
7 G -1 2644
7 G 2643 2645
7 T 2644 2646
7 G 2645 2647
7 T 2646 2648
7 G 2647 2649
7 T 2648 2650
7 G 2649 2651
7 G 2650 2652
7 C 2651 2653
7 G 2652 2654
7 G 2653 2655
7 T 2654 2656
7 C 2655 2657
7 A 2656 2658
7 T 2657 2659
7 A 2658 2660
7 C 2659 2661
7 T 2660 2662
7 A 2661 2663
7 G 2662 2664
7 G 2663 2665
7 T 2664 2666
7 T 2665 2667
7 G 2666 2668
7 G 2667 2669
7 T 2668 2670
7 C 2669 2671
7 A 2670 2672
7 A 2671 2673
7 A 2672 2674
7 T 2673 2675
7 A 2674 2676
7 G 2675 2677
7 G 2676 2678
7 A 2677 2679
7 G 2678 2680
7 T 2679 2681
7 C 2680 2682
7 G 2681 2683
7 T 2682 2684
7 C 2683 2685
7 A 2684 2686
7 G 2685 2687
7 T 2686 2688
7 G 2687 2689
7 A 2688 2690
7 A 2689 2691
7 T 2690 2692
7 T 2691 2693
7 C 2692 2694
7 C 2693 2695
7 T 2694 2696
7 T 2695 2697
7 T 2696 2698
7 T 2697 2699
7 T 2698 -1
8 G -1 2701
8 G 2700 2702
8 G 2701 2703
8 G 2702 2704
8 T 2703 2705
8 T 2704 2706
8 T 2705 2707
8 C 2706 2708
8 C 2707 2709
8 T 2708 2710
8 T 2709 2711
8 C 2710 2712
8 A 2711 2713
8 G 2712 2714
8 T 2713 2715
8 C 2714 2716
8 A 2715 2717
8 T 2716 2718
8 C 2717 2719
8 A 2718 2720
8 A 2719 2721
8 T 2720 2722
8 G 2721 2723
8 C 2722 2724
8 T 2723 2725
8 G 2724 2726
8 T 2725 2727
8 A 2726 2728
8 C 2727 2729
8 T 2728 2730
8 G 2729 2731
8 T 2730 2732
8 C 2731 2733
8 G 2732 2734
8 A 2733 2735
8 T 2734 2736
8 C 2735 2737
8 G 2736 2738
8 C 2737 2739
8 C 2738 2740
8 G 2739 2741
8 A 2740 2742
8 A 2741 2743
8 G 2742 2744
8 T 2743 2745
8 G 2744 2746
8 C 2745 2747
8 T 2746 2748
8 G 2747 2749
8 C 2748 2750
8 T 2749 2751
8 T 2750 2752
8 T 2751 2753
8 C 2752 2754
8 T 2753 2755
8 T 2754 2756
8 G 2755 -1
9 G -1 2758
9 T 2757 2759
9 C 2758 2760
9 G 2759 2761
9 G 2760 2762
9 T 2761 2763
9 T 2762 2764
9 A 2763 2765
9 C 2764 2766
9 T 2765 2767
9 G 2766 2768
9 G 2767 2769
9 T 2768 2770
9 A 2769 2771
9 G 2770 2772
9 C 2771 2773
9 A 2772 2774
9 G 2773 2775
9 T 2774 2776
9 G 2775 2777
9 T 2776 2778
9 T 2777 2779
9 C 2778 2780
9 T 2779 2781
9 A 2780 2782
9 A 2781 2783
9 A 2782 2784
9 A 2783 2785
9 C 2784 2786
9 G 2785 2787
9 A 2786 2788
9 G 2787 2789
9 A 2788 2790
9 A 2789 2791
9 G 2790 2792
9 T 2791 2793
9 G 2792 2794
9 T 2793 2795
9 G 2794 2796
9 G 2795 2797
9 C 2796 2798
9 C 2797 2799
9 C 2798 2800
9 C 2799 2801
9 T 2800 2802
9 G 2801 2803
9 G 2802 2804
9 T 2803 2805
9 G 2804 2806
9 A 2805 2807
9 A 2806 2808
9 A 2807 2809
9 A 2808 2810
9 T 2809 2811
9 T 2810 2812
9 C 2811 2813
9 T 2812 -1
10 C -1 2815
10 G 2814 2816
10 T 2815 2817
10 C 2816 2818
10 T 2817 2819
10 A 2818 2820
10 C 2819 2821
10 G 2820 2822
10 C 2821 2823
10 C 2822 2824
10 T 2823 2825
10 T 2824 2826
10 G 2825 2827
10 T 2826 2828
10 T 2827 2829
10 T 2828 2830
10 G 2829 2831
10 A 2830 2832
10 G 2831 2833
10 T 2832 2834
10 C 2833 2835
10 A 2834 2836
10 T 2835 2837
10 C 2836 2838
10 C 2837 2839
10 C 2838 2840
10 T 2839 2841
10 T 2840 2842
10 A 2841 2843
10 C 2842 2844
10 G 2843 2845
10 T 2844 2846
10 A 2845 2847
10 G 2846 2848
10 A 2847 2849
10 G 2848 2850
10 C 2849 2851
10 C 2850 2852
10 T 2851 2853
10 G 2852 2854
10 A 2853 2855
10 G 2854 2856
10 G 2855 2857
10 C 2856 2858
10 C 2857 2859
10 A 2858 2860
10 A 2859 2861
10 C 2860 2862
10 G 2861 2863
10 A 2862 2864
10 A 2863 2865
10 C 2864 2866
10 C 2865 2867
10 T 2866 2868
10 A 2867 2869
10 T 2868 2870
10 G 2869 -1
11 A -1 2872
11 G 2871 2873
11 C 2872 2874
11 A 2873 2875
11 A 2874 2876
11 A 2875 2877
11 G 2876 2878
11 A 2877 2879
11 G 2878 2880
11 A 2879 2881
11 T 2880 2882
11 G 2881 2883
11 T 2882 2884
11 T 2883 2885
11 C 2884 2886
11 G 2885 2887
11 A 2886 2888
11 T 2887 2889
11 A 2888 2890
11 C 2889 2891
11 A 2890 2892
11 A 2891 2893
11 C 2892 2894
11 T 2893 2895
11 T 2894 2896
11 T 2895 2897
11 A 2896 2898
11 C 2897 2899
11 T 2898 2900
11 G 2899 2901
11 A 2900 2902
11 A 2901 2903
11 A 2902 2904
11 T 2903 2905
11 C 2904 2906
11 C 2905 2907
11 A 2906 2908
11 C 2907 2909
11 G 2908 2910
11 C 2909 2911
11 C 2910 2912
11 A 2911 2913
11 A 2912 2914
11 C 2913 2915
11 G 2914 2916
11 T 2915 2917
11 G 2916 2918
11 C 2917 2919
11 C 2918 2920
11 C 2919 2921
11 G 2920 2922
11 T 2921 2923
11 T 2922 2924
11 C 2923 2925
11 C 2924 2926
11 G 2925 -1
12 C -1 2928
12 A 2927 2929
12 G 2928 2930
12 C 2929 2931
12 G 2930 2932
12 A 2931 2933
12 G 2932 2934
12 C 2933 2935
12 G 2934 2936
12 C 2935 2937
12 T 2936 2938
12 A 2937 2939
12 A 2938 2940
12 C 2939 2941
12 C 2940 2942
12 T 2941 2943
12 A 2942 2944
12 T 2943 2945
12 C 2944 2946
12 G 2945 2947
12 C 2946 2948
12 G 2947 2949
12 A 2948 2950
12 T 2949 2951
12 T 2950 2952
12 C 2951 2953
12 G 2952 2954
12 G 2953 2955
12 C 2954 2956
12 C 2955 2957
12 C 2956 2958
12 C 2957 2959
12 C 2958 2960
12 A 2959 2961
12 T 2960 2962
12 C 2961 2963
12 A 2962 2964
12 T 2963 2965
12 A 2964 2966
12 C 2965 2967
12 A 2966 2968
12 C 2967 2969
12 T 2968 2970
12 T 2969 2971
12 G 2970 2972
12 G 2971 2973
12 A 2972 2974
12 C 2973 2975
12 A 2974 2976
12 A 2975 2977
12 G 2976 2978
12 A 2977 2979
12 G 2978 2980
12 G 2979 2981
12 A 2980 2982
12 G 2981 -1
13 A -1 2984
13 T 2983 2985
13 A 2984 2986
13 T 2985 2987
13 C 2986 2988
13 T 2987 2989
13 C 2988 2990
13 T 2989 2991
13 A 2990 2992
13 A 2991 2993
13 T 2992 2994
13 C 2993 2995
13 G 2994 2996
13 C 2995 2997
13 G 2996 2998
13 C 2997 2999
13 C 2998 3000
13 T 2999 3001
13 A 3000 3002
13 T 3001 3003
13 C 3002 3004
13 T 3003 3005
13 T 3004 3006
13 G 3005 3007
13 T 3006 3008
13 G 3007 3009
13 C 3008 3010
13 T 3009 3011
13 A 3010 3012
13 T 3011 3013
13 T 3012 3014
13 G 3013 3015
13 A 3014 3016
13 G 3015 3017
13 C 3016 3018
13 C 3017 3019
13 A 3018 3020
13 A 3019 3021
13 C 3020 3022
13 C 3021 3023
13 T 3022 3024
13 C 3023 3025
13 C 3024 3026
13 C 3025 3027
13 C 3026 3028
13 A 3027 3029
13 G 3028 3030
13 G 3029 3031
13 G 3030 3032
13 A 3031 3033
13 G 3032 3034
13 G 3033 3035
13 A 3034 3036
13 G 3035 3037
13 C 3036 3038
13 G 3037 -1
14 T -1 3040
14 C 3039 3041
14 C 3040 3042
14 T 3041 3043
14 G 3042 3044
14 A 3043 3045
14 T 3044 3046
14 G 3045 3047
14 G 3046 3048
14 G 3047 3049
14 G 3048 3050
14 A 3049 3051
14 G 3050 3052
14 G 3051 3053
14 C 3052 3054
14 C 3053 3055
14 T 3054 3056
14 C 3055 3057
14 G 3056 3058
14 T 3057 3059
14 T 3058 3060
14 C 3059 3061
14 T 3060 3062
14 A 3061 3063
14 C 3062 3064
14 T 3063 3065
14 C 3064 3066
14 T 3065 3067
14 T 3066 3068
14 C 3067 3069
14 T 3068 3070
14 G 3069 3071
14 T 3070 3072
14 T 3071 3073
14 A 3072 3074
14 T 3073 3075
14 A 3074 3076
14 G 3075 3077
14 A 3076 3078
14 A 3077 3079
14 C 3078 3080
14 A 3079 3081
14 T 3080 3082
14 T 3081 3083
14 T 3082 3084
14 C 3083 3085
14 G 3084 3086
14 T 3085 3087
14 G 3086 3088
14 G 3087 3089
14 G 3088 3090
14 G 3089 3091
14 G 3090 3092
14 T 3091 3093
14 A 3092 -1
15 G -1 3095
15 A 3094 3096
15 C 3095 3097
15 A 3096 3098
15 A 3097 3099
15 A 3098 3100
15 C 3099 3101
15 T 3100 3102
15 T 3101 3103
15 C 3102 3104
15 A 3103 3105
15 G 3104 3106
15 C 3105 3107
15 T 3106 3108
15 A 3107 3109
15 C 3108 3110
15 G 3109 3111
15 C 3110 3112
15 G 3111 3113
15 A 3112 3114
15 C 3113 3115
15 C 3114 3116
15 T 3115 3117
15 C 3116 3118
15 C 3117 3119
15 G 3118 3120
15 G 3119 3121
15 A 3120 3122
15 C 3121 3123
15 A 3122 3124
15 T 3123 3125
15 C 3124 3126
15 T 3125 3127
15 T 3126 3128
15 T 3127 3129
15 C 3128 3130
15 T 3129 3131
15 A 3130 3132
15 C 3131 3133
15 C 3132 3134
15 A 3133 3135
15 G 3134 3136
15 T 3135 3137
15 A 3136 3138
15 C 3137 3139
15 C 3138 3140
15 C 3139 3141
15 C 3140 3142
15 G 3141 3143
15 A 3142 3144
15 C 3143 3145
15 C 3144 3146
15 C 3145 3147
15 A 3146 3148
15 G 3147 -1
16 A -1 3150
16 G 3149 3151
16 T 3150 3152
16 A 3151 3153
16 T 3152 3154
16 G 3153 3155
16 A 3154 3156
16 C 3155 3157
16 C 3156 3158
16 C 3157 3159
16 T 3158 3160
16 A 3159 3161
16 C 3160 3162
16 T 3161 3163
16 C 3162 3164
16 T 3163 3165
16 T 3164 3166
16 G 3165 3167
16 T 3166 3168
16 G 3167 3169
16 A 3168 3170
16 C 3169 3171
16 T 3170 3172
16 C 3171 3173
16 C 3172 3174
16 C 3173 3175
16 C 3174 3176
16 T 3175 3177
16 G 3176 3178
16 A 3177 3179
16 T 3178 3180
16 T 3179 3181
16 C 3180 3182
16 T 3181 3183
16 G 3182 3184
16 T 3183 3185
16 C 3184 3186
16 G 3185 3187
16 T 3186 3188
16 G 3187 3189
16 C 3188 3190
16 A 3189 3191
16 G 3190 3192
16 A 3191 3193
16 G 3192 3194
16 G 3193 3195
16 C 3194 3196
16 C 3195 3197
16 T 3196 3198
16 T 3197 3199
16 T 3198 3200
16 G 3199 3201
16 T 3200 3202
16 A 3201 3203
16 T 3202 -1
17 T -1 3205
17 C 3204 3206
17 A 3205 3207
17 A 3206 3208
17 G 3207 3209
17 C 3208 3210
17 A 3209 3211
17 A 3210 3212
17 T 3211 3213
17 G 3212 3214
17 T 3213 3215
17 A 3214 3216
17 A 3215 3217
17 T 3216 3218
17 A 3217 3219
17 G 3218 3220
17 T 3219 3221
17 G 3220 3222
17 G 3221 3223
17 C 3222 3224
17 A 3223 3225
17 G 3224 3226
17 G 3225 3227
17 G 3226 3228
17 A 3227 3229
17 G 3228 3230
17 G 3229 3231
17 G 3230 3232
17 T 3231 3233
17 T 3232 3234
17 T 3233 3235
17 A 3234 3236
17 A 3235 3237
17 T 3236 3238
17 C 3237 3239
17 C 3238 3240
17 T 3239 3241
17 A 3240 3242
17 G 3241 3243
17 G 3242 3244
17 C 3243 3245
17 C 3244 3246
17 G 3245 3247
17 A 3246 3248
17 G 3247 3249
17 T 3248 3250
17 A 3249 3251
17 C 3250 3252
17 A 3251 3253
17 T 3252 3254
17 G 3253 3255
17 C 3254 3256
17 T 3255 3257
17 G 3256 -1
18 G -1 3259
18 T 3258 3260
18 C 3259 3261
18 A 3260 3262
18 G 3261 3263
18 C 3262 3264
18 G 3263 3265
18 A 3264 3266
18 T 3265 3267
18 T 3266 3268
18 A 3267 3269
18 G 3268 3270
18 A 3269 3271
18 G 3270 3272
18 T 3271 3273
18 G 3272 3274
18 A 3273 3275
18 C 3274 3276
18 T 3275 3277
18 C 3276 3278
18 C 3277 3279
18 T 3278 3280
18 C 3279 3281
18 A 3280 3282
18 G 3281 3283
18 A 3282 3284
18 C 3283 3285
18 C 3284 3286
18 G 3285 3287
18 T 3286 3288
18 T 3287 3289
18 C 3288 3290
18 T 3289 3291
18 T 3290 3292
18 C 3291 3293
18 T 3292 3294
18 G 3293 3295
18 C 3294 3296
18 T 3295 3297
18 T 3296 3298
18 C 3297 3299
18 A 3298 3300
18 C 3299 3301
18 A 3300 3302
18 A 3301 3303
18 T 3302 3304
18 C 3303 3305
18 T 3304 3306
18 A 3305 3307
18 G 3306 3308
18 A 3307 3309
18 T 3308 -1
19 G -1 3311
19 A 3310 3312
19 A 3311 3313
19 G 3312 3314
19 T 3313 3315
19 A 3314 3316
19 G 3315 3317
19 G 3316 3318
19 T 3317 3319
19 T 3318 3320
19 T 3319 3321
19 G 3320 3322
19 G 3321 3323
19 G 3322 3324
19 T 3323 3325
19 T 3324 3326
19 T 3325 3327
19 A 3326 3328
19 G 3327 3329
19 C 3328 3330
19 A 3329 3331
19 T 3330 3332
19 C 3331 3333
19 A 3332 3334
19 A 3333 3335
19 C 3334 3336
19 G 3335 3337
19 A 3336 3338
19 G 3337 3339
19 G 3338 3340
19 C 3339 3341
19 G 3340 3342
19 T 3341 3343
19 G 3342 3344
19 G 3343 3345
19 A 3344 3346
19 G 3345 3347
19 A 3346 3348
19 C 3347 3349
19 C 3348 3350
19 A 3349 3351
19 C 3350 3352
19 G 3351 3353
19 C 3352 3354
19 T 3353 3355
19 C 3354 3356
19 C 3355 3357
19 A 3356 3358
19 A 3357 3359
19 G 3358 3360
19 C 3359 3361
19 C 3360 -1
20 T -1 3363
20 A 3362 3364
20 C 3363 3365
20 A 3364 3366
20 C 3365 3367
20 C 3366 3368
20 G 3367 3369
20 G 3368 3370
20 A 3369 3371
20 C 3370 3372
20 T 3371 3373
20 T 3372 3374
20 G 3373 3375
20 A 3374 3376
20 T 3375 3377
20 A 3376 3378
20 T 3377 3379
20 A 3378 3380
20 T 3379 3381
20 C 3380 3382
20 C 3381 3383
20 T 3382 3384
20 T 3383 3385
20 T 3384 3386
20 G 3385 3387
20 C 3386 3388
20 C 3387 3389
20 A 3388 3390
20 A 3389 3391
20 A 3390 3392
20 A 3391 3393
20 A 3392 3394
20 G 3393 3395
20 C 3394 3396
20 C 3395 3397
20 A 3396 3398
20 G 3397 3399
20 A 3398 3400
20 T 3399 3401
20 G 3400 3402
20 T 3401 3403
20 G 3402 3404
20 A 3403 3405
20 A 3404 3406
20 C 3405 3407
20 C 3406 3408
20 C 3407 3409
20 A 3408 3410
20 C 3409 3411
20 A 3410 3412
20 C 3411 -1
21 G -1 3414
21 C 3413 3415
21 G 3414 3416
21 G 3415 3417
21 C 3416 3418
21 A 3417 3419
21 T 3418 3420
21 T 3419 3421
21 T 3420 3422
21 A 3421 3423
21 A 3422 3424
21 G 3423 3425
21 G 3424 3426
21 A 3425 3427
21 C 3426 3428
21 G 3427 3429
21 A 3428 3430
21 T 3429 3431
21 A 3430 3432
21 A 3431 3433
21 A 3432 3434
21 T 3433 3435
21 T 3434 3436
21 T 3435 3437
21 G 3436 3438
21 A 3437 3439
21 C 3438 3440
21 G 3439 3441
21 C 3440 3442
21 C 3441 3443
21 G 3442 3444
21 C 3443 3445
21 A 3444 3446
21 T 3445 3447
21 A 3446 3448
21 A 3447 3449
21 T 3448 3450
21 A 3449 3451
21 G 3450 3452
21 T 3451 3453
21 C 3452 3454
21 T 3453 3455
21 C 3454 3456
21 C 3455 3457
21 G 3456 3458
21 T 3457 3459
21 C 3458 3460
21 T 3459 3461
21 T 3460 -1
22 A -1 3463
22 A 3462 3464
22 C 3463 3465
22 A 3464 3466
22 C 3465 3467
22 C 3466 3468
22 G 3467 3469
22 G 3468 3470
22 A 3469 3471
22 C 3470 3472
22 G 3471 3473
22 A 3472 3474
22 G 3473 3475
22 A 3474 3476
22 T 3475 3477
22 A 3476 3478
22 T 3477 3479
22 C 3478 3480
22 T 3479 3481
22 A 3480 3482
22 T 3481 3483
22 G 3482 3484
22 C 3483 3485
22 A 3484 3486
22 A 3485 3487
22 C 3486 3488
22 C 3487 3489
22 A 3488 3490
22 C 3489 3491
22 G 3490 3492
22 G 3491 3493
22 C 3492 3494
22 C 3493 3495
22 T 3494 3496
22 G 3495 3497
22 C 3496 3498
22 A 3497 3499
22 C 3498 3500
22 A 3499 3501
22 A 3500 3502
22 A 3501 3503
22 G 3502 3504
22 A 3503 3505
22 T 3504 3506
22 C 3505 3507
22 T 3506 3508
22 C 3507 3509
22 A 3508 -1
23 C -1 3511
23 C 3510 3512
23 G 3511 3513
23 C 3512 3514
23 A 3513 3515
23 C 3514 3516
23 G 3515 3517
23 A 3516 3518
23 T 3517 3519
23 C 3518 3520
23 A 3519 3521
23 G 3520 3522
23 A 3521 3523
23 G 3522 3524
23 A 3523 3525
23 G 3524 3526
23 A 3525 3527
23 A 3526 3528
23 A 3527 3529
23 C 3528 3530
23 G 3529 3531
23 T 3530 3532
23 T 3531 3533
23 G 3532 3534
23 G 3533 3535
23 G 3534 3536
23 A 3535 3537
23 T 3536 3538
23 A 3537 3539
23 A 3538 3540
23 G 3539 3541
23 A 3540 3542
23 C 3541 3543
23 T 3542 3544
23 C 3543 3545
23 G 3544 3546
23 G 3545 3547
23 T 3546 3548
23 G 3547 3549
23 A 3548 3550
23 C 3549 3551
23 A 3550 3552
23 T 3551 3553
23 C 3552 3554
23 T 3553 3555
23 C 3554 3556
23 T 3555 -1
24 A -1 3558
24 G 3557 3559
24 T 3558 3560
24 T 3559 3561
24 G 3560 3562
24 A 3561 3563
24 C 3562 3564
24 C 3563 3565
24 T 3564 3566
24 C 3565 3567
24 G 3566 3568
24 T 3567 3569
24 C 3568 3570
24 T 3569 3571
24 G 3570 3572
24 A 3571 3573
24 C 3572 3574
24 T 3573 3575
24 T 3574 3576
24 A 3575 3577
24 A 3576 3578
24 C 3577 3579
24 A 3578 3580
24 A 3579 3581
24 A 3580 3582
24 C 3581 3583
24 A 3582 3584
24 G 3583 3585
24 G 3584 3586
24 G 3585 3587
24 C 3586 3588
24 A 3587 3589
24 C 3588 3590
24 G 3589 3591
24 A 3590 3592
24 T 3591 3593
24 A 3592 3594
24 A 3593 3595
24 G 3594 3596
24 A 3595 3597
24 C 3596 3598
24 C 3597 3599
24 G 3598 3600
24 G 3599 3601
24 G 3600 3602
24 A 3601 3603
24 A 3602 -1
25 T -1 3605
25 C 3604 3606
25 T 3605 3607
25 A 3606 3608
25 T 3607 3609
25 G 3608 3610
25 A 3609 3611
25 G 3610 3612
25 A 3611 3613
25 C 3612 3614
25 G 3613 3615
25 G 3614 3616
25 T 3615 3617
25 G 3616 3618
25 T 3617 3619
25 T 3618 3620
25 G 3619 3621
25 G 3620 3622
25 A 3621 3623
25 A 3622 3624
25 T 3623 3625
25 T 3624 3626
25 A 3625 3627
25 C 3626 3628
25 C 3627 3629
25 G 3628 3630
25 G 3629 3631
25 T 3630 3632
25 G 3631 3633
25 T 3632 3634
25 G 3633 3635
25 C 3634 3636
25 G 3635 3637
25 C 3636 3638
25 C 3637 3639
25 A 3638 3640
25 A 3639 3641
25 T 3640 3642
25 A 3641 3643
25 A 3642 3644
25 C 3643 3645
25 G 3644 3646
25 C 3645 3647
25 A 3646 3648
25 T 3647 3649
25 A 3648 3650
25 G 3649 -1
26 T -1 3652
26 C 3651 3653
26 T 3652 3654
26 T 3653 3655
26 C 3654 3656
26 G 3655 3657
26 T 3656 3658
26 T 3657 3659
26 A 3658 3660
26 T 3659 3661
26 C 3660 3662
26 T 3661 3663
26 A 3662 3664
26 C 3663 3665
26 G 3664 3666
26 C 3665 3667
26 G 3666 3668
26 G 3667 3669
26 A 3668 3670
26 C 3669 3671
26 T 3670 3672
26 T 3671 3673
26 G 3672 3674
26 A 3673 3675
26 G 3674 3676
26 T 3675 3677
26 T 3676 3678
26 T 3677 3679
26 G 3678 3680
26 C 3679 3681
26 T 3680 3682
26 A 3681 3683
26 T 3682 3684
26 T 3683 3685
26 A 3684 3686
26 C 3685 3687
26 C 3686 3688
26 C 3687 3689
26 C 3688 3690
26 C 3689 3691
26 C 3690 3692
26 G 3691 3693
26 T 3692 3694
26 A 3693 3695
26 T 3694 -1
27 C -1 3697
27 C 3696 3698
27 T 3697 3699
27 A 3698 3700
27 T 3699 3701
27 T 3700 3702
27 T 3701 3703
27 G 3702 3704
27 C 3703 3705
27 C 3704 3706
27 T 3705 3707
27 C 3706 3708
27 G 3707 3709
27 C 3708 3710
27 C 3709 3711
27 C 3710 3712
27 G 3711 3713
27 A 3712 3714
27 C 3713 3715
27 T 3714 3716
27 A 3715 3717
27 C 3716 3718
27 T 3717 3719
27 T 3718 3720
27 T 3719 3721
27 T 3720 3722
27 C 3721 3723
27 C 3722 3724
27 C 3723 3725
27 T 3724 3726
27 A 3725 3727
27 A 3726 3728
27 G 3727 3729
27 G 3728 3730
27 T 3729 3731
27 A 3730 3732
27 A 3731 3733
27 T 3732 3734
27 A 3733 3735
27 C 3734 3736
27 G 3735 3737
27 T 3736 3738
27 C 3737 3739
27 G 3738 -1
28 C -1 3741
28 G 3740 3742
28 G 3741 3743
28 A 3742 3744
28 C 3743 3745
28 A 3744 3746
28 A 3745 3747
28 G 3746 3748
28 A 3747 3749
28 A 3748 3750
28 A 3749 3751
28 C 3750 3752
28 A 3751 3753
28 G 3752 3754
28 C 3753 3755
28 A 3754 3756
28 C 3755 3757
28 T 3756 3758
28 G 3757 3759
28 A 3758 3760
28 C 3759 3761
28 T 3760 3762
28 A 3761 3763
28 C 3762 3764
28 C 3763 3765
28 T 3764 3766
28 A 3765 3767
28 A 3766 3768
28 G 3767 3769
28 G 3768 3770
28 A 3769 3771
28 G 3770 3772
28 G 3771 3773
28 C 3772 3774
28 T 3773 3775
28 G 3774 3776
28 T 3775 3777
28 T 3776 3778
28 T 3777 3779
28 G 3778 3780
28 T 3779 3781
28 A 3780 3782
28 T 3781 3783
28 T 3782 -1
29 G -1 3785
29 T 3784 3786
29 A 3785 3787
29 G 3786 3788
29 A 3787 3789
29 T 3788 3790
29 T 3789 3791
29 T 3790 3792
29 C 3791 3793
29 C 3792 3794
29 C 3793 3795
29 C 3794 3796
29 A 3795 3797
29 C 3796 3798
29 T 3797 3799
29 T 3798 3800
29 T 3799 3801
29 T 3800 3802
29 A 3801 3803
29 T 3802 3804
29 C 3803 3805
29 G 3804 3806
29 T 3805 3807
29 C 3806 3808
29 A 3807 3809
29 T 3808 3810
29 T 3809 3811
29 T 3810 3812
29 C 3811 3813
29 C 3812 3814
29 A 3813 3815
29 C 3814 3816
29 T 3815 3817
29 G 3816 3818
29 T 3817 3819
29 G 3818 3820
29 G 3819 3821
29 T 3820 3822
29 A 3821 3823
29 C 3822 3824
29 T 3823 3825
29 C 3824 3826
29 T 3825 3827
29 T 3826 -1
30 T -1 3829
30 T 3828 3830
30 C 3829 3831
30 T 3830 3832
30 C 3831 3833
30 C 3832 3834
30 G 3833 3835
30 C 3834 3836
30 T 3835 3837
30 A 3836 3838
30 A 3837 3839
30 A 3838 3840
30 G 3839 3841
30 G 3840 3842
30 A 3841 3843
30 C 3842 3844
30 A 3843 3845
30 A 3844 3846
30 A 3845 3847
30 T 3846 3848
30 C 3847 3849
30 A 3848 3850
30 C 3849 3851
30 T 3850 3852
30 C 3851 3853
30 C 3852 3854
30 G 3853 3855
30 T 3854 3856
30 G 3855 3857
30 G 3856 3858
30 G 3857 3859
30 T 3858 3860
30 G 3859 3861
30 T 3860 3862
30 G 3861 3863
30 T 3862 3864
30 C 3863 3865
30 A 3864 3866
30 G 3865 3867
30 T 3866 3868
30 A 3867 3869
30 G 3868 3870
30 A 3869 3871
30 A 3870 -1
31 A -1 3873
31 T 3872 3874
31 A 3873 3875
31 T 3874 3876
31 T 3875 3877
31 A 3876 3878
31 A 3877 3879
31 A 3878 3880
31 G 3879 3881
31 G 3880 3882
31 T 3881 3883
31 A 3882 3884
31 C 3883 3885
31 C 3884 3886
31 C 3885 3887
31 G 3886 3888
31 T 3887 3889
31 C 3888 3890
31 C 3889 3891
31 C 3890 3892
31 T 3891 3893
31 C 3892 3894
31 G 3893 3895
31 T 3894 3896
31 G 3895 3897
31 C 3896 3898
31 T 3897 3899
31 T 3898 3900
31 A 3899 3901
31 T 3900 3902
31 A 3901 3903
31 C 3902 3904
31 A 3903 3905
31 T 3904 3906
31 A 3905 3907
31 G 3906 3908
31 A 3907 3909
31 A 3908 3910
31 C 3909 3911
31 T 3910 3912
31 A 3911 3913
31 G 3912 3914
31 T 3913 -1
32 A -1 3916
32 T 3915 3917
32 A 3916 3918
32 C 3917 3919
32 C 3918 3920
32 G 3919 3921
32 C 3920 3922
32 T 3921 3923
32 C 3922 3924
32 G 3923 3925
32 T 3924 3926
32 G 3925 3927
32 T 3926 3928
32 A 3927 3929
32 A 3928 3930
32 G 3929 3931
32 T 3930 3932
32 A 3931 3933
32 C 3932 3934
32 A 3933 3935
32 A 3934 3936
32 C 3935 3937
32 A 3936 3938
32 C 3937 3939
32 A 3938 3940
32 A 3939 3941
32 A 3940 3942
32 C 3941 3943
32 A 3942 3944
32 T 3943 3945
32 G 3944 3946
32 C 3945 3947
32 T 3946 3948
32 A 3947 3949
32 T 3948 3950
32 G 3949 3951
32 T 3950 3952
32 A 3951 3953
32 A 3952 3954
32 G 3953 3955
32 C 3954 3956
32 A 3955 3957
32 A 3956 -1
33 G -1 3959
33 G 3958 3960
33 A 3959 3961
33 G 3960 3962
33 C 3961 3963
33 T 3962 3964
33 C 3963 3965
33 C 3964 3966
33 A 3965 3967
33 G 3966 3968
33 T 3967 3969
33 T 3968 3970
33 C 3969 3971
33 C 3970 3972
33 A 3971 3973
33 C 3972 3974
33 A 3973 3975
33 T 3974 3976
33 G 3975 3977
33 G 3976 3978
33 A 3977 3979
33 A 3978 3980
33 C 3979 3981
33 T 3980 3982
33 T 3981 3983
33 A 3982 3984
33 G 3983 3985
33 T 3984 3986
33 T 3985 3987
33 T 3986 3988
33 A 3987 3989
33 C 3988 3990
33 T 3989 3991
33 G 3990 3992
33 A 3991 3993
33 T 3992 3994
33 A 3993 3995
33 G 3994 3996
33 C 3995 3997
33 A 3996 3998
33 A 3997 -1
34 C -1 4000
34 T 3999 4001
34 A 4000 4002
34 G 4001 4003
34 G 4002 4004
34 C 4003 4005
34 C 4004 4006
34 G 4005 4007
34 T 4006 4008
34 A 4007 4009
34 T 4008 4010
34 A 4009 4011
34 G 4010 4012
34 T 4011 4013
34 G 4012 4014
34 C 4013 4015
34 C 4014 4016
34 G 4015 4017
34 T 4016 4018
34 T 4017 4019
34 C 4018 4020
34 T 4019 4021
34 A 4020 4022
34 T 4021 4023
34 A 4022 4024
34 A 4023 4025
34 G 4024 4026
34 G 4025 4027
34 T 4026 4028
34 T 4027 4029
34 T 4028 4030
34 T 4029 4031
34 A 4030 4032
34 G 4031 4033
34 C 4032 4034
34 C 4033 4035
34 G 4034 4036
34 C 4035 4037
34 C 4036 4038
34 A 4037 4039
34 C 4038 -1
35 T -1 4041
35 A 4040 4042
35 T 4041 4043
35 A 4042 4044
35 C 4043 4045
35 C 4044 4046
35 C 4045 4047
35 T 4046 4048
35 T 4047 4049
35 T 4048 4050
35 G 4049 4051
35 C 4050 4052
35 A 4051 4053
35 C 4052 4054
35 T 4053 4055
35 G 4054 4056
35 C 4055 4057
35 T 4056 4058
35 G 4057 4059
35 G 4058 4060
35 T 4059 4061
35 T 4060 4062
35 C 4061 4063
35 A 4062 4064
35 C 4063 4065
35 G 4064 4066
35 C 4065 4067
35 C 4066 4068
35 A 4067 4069
35 G 4068 4070
35 A 4069 4071
35 G 4070 4072
35 G 4071 4073
35 G 4072 4074
35 C 4073 4075
35 T 4074 4076
35 G 4075 4077
35 C 4076 4078
35 C 4077 -1
36 G -1 4080
36 T 4079 4081
36 A 4080 4082
36 A 4081 4083
36 G 4082 4084
36 T 4083 4085
36 A 4084 4086
36 C 4085 4087
36 G 4086 4088
36 A 4087 4089
36 A 4088 4090
36 C 4089 4091
36 A 4090 4092
36 T 4091 4093
36 C 4092 4094
36 C 4093 4095
36 C 4094 4096
36 C 4095 4097
36 T 4096 4098
36 T 4097 4099
36 T 4098 4100
36 C 4099 4101
36 T 4100 4102
36 C 4101 4103
36 G 4102 4104
36 T 4103 4105
36 A 4104 4106
36 C 4105 4107
36 C 4106 4108
36 C 4107 4109
36 A 4108 4110
36 C 4109 4111
36 A 4110 4112
36 A 4111 4113
36 C 4112 4114
36 T 4113 4115
36 G 4114 4116
36 A 4115 4117
36 T 4116 -1
37 T -1 4119
37 G 4118 4120
37 C 4119 4121
37 G 4120 4122
37 T 4121 4123
37 G 4122 4124
37 T 4123 4125
37 G 4124 4126
37 C 4125 4127
37 C 4126 4128
37 A 4127 4129
37 C 4128 4130
37 C 4129 4131
37 T 4130 4132
37 G 4131 4133
37 G 4132 4134
37 T 4133 4135
37 G 4134 4136
37 C 4135 4137
37 C 4136 4138
37 T 4137 4139
37 G 4138 4140
37 A 4139 4141
37 A 4140 4142
37 G 4141 4143
37 C 4142 4144
37 C 4143 4145
37 T 4144 4146
37 G 4145 4147
37 C 4146 4148
37 T 4147 4149
37 A 4148 4150
37 T 4149 4151
37 T 4150 4152
37 C 4151 4153
37 A 4152 4154
37 C 4153 4155
37 G 4154 -1
38 G -1 4157
38 A 4156 4158
38 G 4157 4159
38 A 4158 4160
38 T 4159 4161
38 G 4160 4162
38 C 4161 4163
38 C 4162 4164
38 T 4163 4165
38 G 4164 4166
38 A 4165 4167
38 C 4166 4168
38 C 4167 4169
38 A 4168 4170
38 C 4169 4171
38 C 4170 4172
38 C 4171 4173
38 G 4172 4174
38 G 4173 4175
38 A 4174 4176
38 G 4175 4177
38 A 4176 4178
38 C 4177 4179
38 C 4178 4180
38 C 4179 4181
38 C 4180 4182
38 T 4181 4183
38 G 4182 4184
38 A 4183 4185
38 C 4184 4186
38 C 4185 4187
38 C 4186 4188
38 A 4187 4189
38 T 4188 4190
38 G 4189 4191
38 C 4190 4192
38 C 4191 -1
39 T -1 4194
39 G 4193 4195
39 A 4194 4196
39 G 4195 4197
39 G 4196 4198
39 A 4197 4199
39 G 4198 4200
39 A 4199 4201
39 A 4200 4202
39 G 4201 4203
39 A 4202 4204
39 T 4203 4205
39 G 4204 4206
39 G 4205 4207
39 A 4206 4208
39 A 4207 4209
39 C 4208 4210
39 G 4209 4211
39 C 4210 4212
39 A 4211 4213
39 G 4212 4214
39 C 4213 4215
39 G 4214 4216
39 T 4215 4217
39 A 4216 4218
39 A 4217 4219
39 C 4218 4220
39 A 4219 4221
39 G 4220 4222
39 T 4221 4223
39 A 4222 4224
39 T 4223 4225
39 G 4224 4226
39 A 4225 4227
39 C 4226 4228
39 C 4227 4229
39 T 4228 -1
40 A -1 4231
40 T 4230 4232
40 A 4231 4233
40 T 4232 4234
40 G 4233 4235
40 T 4234 4236
40 C 4235 4237
40 T 4236 4238
40 G 4237 4239
40 A 4238 4240
40 G 4239 4241
40 A 4240 4242
40 A 4241 4243
40 T 4242 4244
40 G 4243 4245
40 A 4244 4246
40 C 4245 4247
40 T 4246 4248
40 A 4247 4249
40 C 4248 4250
40 A 4249 4251
40 A 4250 4252
40 A 4251 4253
40 T 4252 4254
40 G 4253 4255
40 T 4254 4256
40 T 4255 4257
40 A 4256 4258
40 G 4257 4259
40 T 4258 4260
40 C 4259 4261
40 C 4260 4262
40 C 4261 4263
40 T 4262 4264
40 G 4263 -1
41 A -1 4266
41 T 4265 4267
41 A 4266 4268
41 G 4267 4269
41 A 4268 4270
41 G 4269 4271
41 T 4270 4272
41 A 4271 4273
41 T 4272 4274
41 A 4273 4275
41 A 4274 4276
41 A 4275 4277
41 C 4276 4278
41 A 4277 4279
41 G 4278 4280
41 A 4279 4281
41 G 4280 4282
41 G 4281 4283
41 G 4282 4284
41 A 4283 4285
41 A 4284 4286
41 C 4285 4287
41 A 4286 4288
41 G 4287 4289
41 T 4288 4290
41 T 4289 4291
41 G 4290 4292
41 G 4291 4293
41 T 4292 4294
41 C 4293 4295
41 G 4294 4296
41 A 4295 4297
41 G 4296 4298
41 T 4297 -1
42 A -1 4300
42 T 4299 4301
42 C 4300 4302
42 C 4301 4303
42 C 4302 4304
42 T 4303 4305
42 T 4304 4306
42 G 4305 4307
42 G 4306 4308
42 C 4307 4309
42 T 4308 4310
42 A 4309 4311
42 C 4310 4312
42 C 4311 4313
42 T 4312 4314
42 A 4313 4315
42 T 4314 4316
42 T 4315 4317
42 A 4316 4318
42 T 4317 4319
42 A 4318 4320
42 C 4319 4321
42 G 4320 4322
42 A 4321 4323
42 T 4322 4324
42 C 4323 4325
42 A 4324 4326
42 A 4325 4327
42 A 4326 4328
42 T 4327 4329
42 C 4328 4330
42 C 4329 4331
42 T 4330 -1
43 A -1 4333
43 G 4332 4334
43 A 4333 4335
43 G 4334 4336
43 A 4335 4337
43 C 4336 4338
43 T 4337 4339
43 C 4338 4340
43 T 4339 4341
43 G 4340 4342
43 G 4341 4343
43 T 4342 4344
43 T 4343 4345
43 G 4344 4346
43 T 4345 4347
43 C 4346 4348
43 T 4347 4349
43 A 4348 4350
43 C 4349 4351
43 G 4350 4352
43 G 4351 4353
43 T 4352 4354
43 G 4353 4355
43 C 4354 4356
43 C 4355 4357
43 C 4356 4358
43 G 4357 4359
43 C 4358 4360
43 G 4359 4361
43 G 4360 -1
44 A -1 4363
44 G 4362 4364
44 T 4363 4365
44 A 4364 4366
44 C 4365 4367
44 G 4366 4368
44 T 4367 4369
44 A 4368 4370
44 A 4369 4371
44 A 4370 4372
44 T 4371 4373
44 T 4372 4374
44 C 4373 4375
44 C 4374 4376
44 T 4375 4377
44 C 4376 4378
44 A 4377 4379
44 C 4378 4380
44 A 4379 4381
44 A 4380 4382
44 A 4381 4383
44 G 4382 4384
44 G 4383 4385
44 T 4384 4386
44 A 4385 4387
44 C 4386 4388
44 G 4387 4389
44 A 4388 4390
44 C 4389 -1
45 A -1 4392
45 C 4391 4393
45 G 4392 4394
45 A 4393 4395
45 C 4394 4396
45 G 4395 4397
45 T 4396 4398
45 A 4397 4399
45 A 4398 4400
45 T 4399 4401
45 A 4400 4402
45 A 4401 4403
45 A 4402 4404
45 T 4403 4405
45 C 4404 4406
45 A 4405 4407
45 G 4406 4408
45 A 4407 4409
45 C 4408 4410
45 T 4409 4411
45 C 4410 4412
45 A 4411 4413
45 C 4412 4414
45 C 4413 4415
45 G 4414 4416
45 C 4415 4417
45 A 4416 -1
46 T -1 4419
46 A 4418 4420
46 C 4419 4421
46 T 4420 4422
46 G 4421 4423
46 A 4422 4424
46 A 4423 4425
46 G 4424 4426
46 T 4425 4427
46 T 4426 4428
46 A 4427 4429
46 A 4428 4430
46 T 4429 4431
46 C 4430 4432
46 T 4431 4433
46 G 4432 4434
46 T 4433 4435
46 A 4434 4436
46 A 4435 4437
46 C 4436 4438
46 A 4437 4439
46 T 4438 4440
46 A 4439 4441
46 G 4440 4442
46 G 4441 4443
46 C 4442 4444
46 A 4443 -1
47 A -1 4446
47 G 4445 4447
47 A 4446 4448
47 T 4447 4449
47 G 4448 4450
47 A 4449 4451
47 C 4450 4452
47 C 4451 4453
47 C 4452 4454
47 T 4453 4455
47 T 4454 4456
47 A 4455 4457
47 T 4456 4458
47 A 4457 4459
47 T 4458 4460
47 G 4459 4461
47 T 4460 4462
47 T 4461 4463
47 G 4462 4464
47 A 4463 4465
47 A 4464 4466
47 T 4465 4467
47 C 4466 4468
47 G 4467 4469
47 A 4468 4470
47 G 4469 4471
47 G 4470 -1
48 G -1 4473
48 C 4472 4474
48 T 4473 4475
48 T 4474 4476
48 G 4475 4477
48 G 4476 4478
48 T 4477 4479
48 A 4478 4480
48 T 4479 4481
48 A 4480 4482
48 A 4481 4483
48 A 4482 4484
48 G 4483 4485
48 C 4484 4486
48 G 4485 4487
48 C 4486 4488
48 G 4487 4489
48 G 4488 4490
48 A 4489 4491
48 A 4490 4492
48 G 4491 4493
48 G 4492 4494
48 T 4493 4495
48 G 4494 -1
49 G -1 4497
49 T 4496 4498
49 T 4497 4499
49 G 4498 4500
49 C 4499 4501
49 G 4500 4502
49 A 4501 4503
49 C 4502 4504
49 G 4503 4505
49 T 4504 4506
49 G 4505 4507
49 T 4506 4508
49 C 4507 4509
49 A 4508 4510
49 G 4509 4511
49 C 4510 4512
49 T 4511 4513
49 G 4512 4514
49 T 4513 4515
49 C 4514 4516
49 T 4515 4517
49 A 4516 4518
49 G 4517 4519
49 T 4518 -1
