t = 0
b =  50.0 50.0 50.0
E = 0. 0. 0.
32.0084969492 37.5077586223 27.55086621 0.757853898677 0.527772986199 -0.383553312198 0.232499992263 0.330821205014 0.914604331889 0.0 0.0 0.0 0.0 0.0 0.0
32.3999616167 37.421617484 27.9086653442 0.256445887358 0.886244578952 -0.385753876372 0.232499992263 0.330821205014 0.914604331889 0.0 0.0 0.0 0.0 0.0 0.0
32.8498831324 37.5374958254 28.1785318701 -0.342390204115 0.908017038942 -0.241400093451 0.232499992263 0.330821205014 0.914604331889 0.0 0.0 0.0 0.0 0.0 0.0
33.2217567903 37.8603566795 28.3933712372 -0.811146532586 0.584818644602 -0.00533437903314 0.232499992263 0.330821205014 0.914604331889 0.0 0.0 0.0 0.0 0.0 0.0
33.4087295706 38.3165269619 28.6069946324 -0.97173473168 0.0394378695323 0.232757955165 0.232499992263 0.330821205014 0.914604331889 0.0 0.0 0.0 0.0 0.0 0.0
33.3741953882 38.7816871079 28.8736752108 -0.763144659671 -0.520926011539 0.382421650691 0.232499992263 0.330821205014 0.914604331889 0.0 0.0 0.0 0.0 0.0 0.0
33.1657023566 39.1281021533 29.2275288165 -0.264623172355 -0.883381391408 0.38679696737 0.232499992263 0.330821205014 0.914604331889 0.0 0.0 0.0 0.0 0.0 0.0
32.8968884645 39.2731503826 29.6695528031 0.334433082403 -0.910225411332 0.244221649245 0.232499992263 0.330821205014 0.914604331889 0.0 0.0 0.0 0.0 0.0 0.0
32.7043086041 39.2107127008 30.1672471223 0.806432617733 -0.591259579334 0.00886244340332 0.232499992263 0.330821205014 0.914604331889 0.0 0.0 0.0 0.0 0.0 0.0
32.6955550843 39.0134973793 30.6669616358 0.972054918752 -0.0476643478134 -0.229863752859 0.232499992263 0.330821205014 0.914604331889 0.0 0.0 0.0 0.0 0.0 0.0
32.9083815138 38.8054169682 31.1142786995 0.768377304245 0.514039366347 -0.381260866293 0.232499992263 0.330821205014 0.914604331889 0.0 0.0 0.0 0.0 0.0 0.0
33.296359574 38.7145118469 31.4746873368 0.272780305273 0.880450930952 -0.387810602281 0.232499992263 0.330821205014 0.914604331889 0.0 0.0 0.0 0.0 0.0 0.0
33.7465179134 38.8243055429 31.7466945352 -0.326450492316 0.912364466534 -0.247024606615 0.232499992263 0.330821205014 0.914604331889 0.0 0.0 0.0 0.0 0.0 0.0
34.1222618527 39.1420727478 31.9623924666 -0.801657289913 0.597655487359 -0.0123898328641 0.232499992263 0.330821205014 0.914604331889 0.0 0.0 0.0 0.0 0.0 0.0
34.3152679876 39.5960755399 32.1752661353 -0.972301080077 0.0558871962698 0.226952045538 0.232499992263 0.330821205014 0.914604331889 0.0 0.0 0.0 0.0 0.0 0.0
34.2866380607 40.0628178201 32.4398735299 -0.773551433912 -0.507113575066 0.380071047405 0.232499992263 0.330821205014 0.914604331889 0.0 0.0 0.0 0.0 0.0 0.0
33.35837634 39.45428153 32.8959587868 0.773551433912 0.507113575066 -0.380071047405 -0.232499992263 -0.330821205014 -0.914604331889 0.0 0.0 0.0 0.0 0.0 0.0
33.1485066915 39.6631401754 32.4476085899 0.972301080077 -0.0558871962698 -0.226952045538 -0.232499992263 -0.330821205014 -0.914604331889 0.0 0.0 0.0 0.0 0.0 0.0
33.1602731048 39.8592593327 31.9475246672 0.801657289913 -0.597655487359 0.0123898328641 -0.232499992263 -0.330821205014 -0.914604331889 0.0 0.0 0.0 0.0 0.0 0.0
33.3547773226 39.9191429028 31.4502650072 0.326450492316 -0.912364466534 0.247024606615 -0.232499992263 -0.330821205014 -0.914604331889 0.0 0.0 0.0 0.0 0.0 0.0
33.6236959403 39.771052964 31.0093146141 -0.272780305273 -0.880450930952 0.387810602281 -0.232499992263 -0.330821205014 -0.914604331889 0.0 0.0 0.0 0.0 0.0 0.0
33.8304342789 39.4222642078 30.65676566 -0.768377304245 -0.514039366347 0.381260866293 -0.232499992263 -0.330821205014 -0.914604331889 0.0 0.0 0.0 0.0 0.0 0.0
33.8620209868 38.9563001619 30.3911251323 -0.972054918752 0.0476643478134 0.229863752859 -0.232499992263 -0.330821205014 -0.914604331889 0.0 0.0 0.0 0.0 0.0 0.0
33.6720277454 38.5012012056 30.1778820544 -0.806432617733 0.591259579334 -0.00886244340332 -0.232499992263 -0.330821205014 -0.914604331889 0.0 0.0 0.0 0.0 0.0 0.0
33.2982081634 38.180879889 29.9626187822 -0.334433082403 0.910225411332 -0.244221649245 -0.232499992263 -0.330821205014 -0.914604331889 0.0 0.0 0.0 0.0 0.0 0.0
32.8481545498 38.0680444836 29.6916851773 0.264623172355 0.883381391408 -0.38679696737 -0.232499992263 -0.330821205014 -0.914604331889 0.0 0.0 0.0 0.0 0.0 0.0
32.4584217966 38.1565758941 29.3325811916 0.763144659672 0.520926011539 -0.382421650691 -0.232499992263 -0.330821205014 -0.914604331889 0.0 0.0 0.0 0.0 0.0 0.0
32.2426478926 38.3638524053 28.8863041786 0.97173473168 -0.0394378695323 -0.232757955165 -0.232499992263 -0.330821205014 -0.914604331889 0.0 0.0 0.0 0.0 0.0 0.0
32.2483809512 38.562139053 28.3869699824 0.811146532586 -0.584818644602 0.00533437903314 -0.232499992263 -0.330821205014 -0.914604331889 0.0 0.0 0.0 0.0 0.0 0.0
32.4390148875 38.6271162722 27.888851758 0.342390204115 -0.908017038942 0.241400093451 -0.232499992263 -0.330821205014 -0.914604331889 0.0 0.0 0.0 0.0 0.0 0.0
32.7076966816 38.4851109788 27.4457606925 -0.256445887358 -0.886244578952 0.385753876372 -0.232499992263 -0.330821205014 -0.914604331889 0.0 0.0 0.0 0.0 0.0 0.0
32.9179216276 38.1410862057 27.0906022353 -0.757853898677 -0.527772986199 0.383553312198 -0.232499992263 -0.330821205014 -0.914604331889 0.0 0.0 0.0 0.0 0.0 0.0
