t = 0
b =  50.0 50.0 50.0
E = 0. 0. 0.
31.4455302515 1.07937880305 22.5851969878 0.56935452857 -0.440534462495 0.694092795058 0.519425792401 0.847193014125 0.11162814612 0.0 0.0 0.0 0.0 0.0 0.0
31.4886911168 1.46385555317 22.9580238517 0.834841219404 -0.530988432637 0.145228863483 0.519425792401 0.847193014125 0.11162814612 0.0 0.0 0.0 0.0 0.0 0.0
31.7221540645 1.72729347336 23.3639556396 0.783157773186 -0.419711019568 -0.458809941426 0.519425792401 0.847193014125 0.11162814612 0.0 0.0 0.0 0.0 0.0 0.0
32.1341378511 1.89505825343 23.6653016869 0.433939595235 -0.148978372971 -0.888539178694 0.519425792401 0.847193014125 0.11162814612 0.0 0.0 0.0 0.0 0.0 0.0
32.6450381821 2.0288634087 23.7641052004 -0.0801394900292 0.178353648304 -0.980697526394 0.519425792401 0.847193014125 0.11162814612 0.0 0.0 0.0 0.0 0.0 0.0
33.1376707139 2.20332428371 23.639358682 -0.563772243171 0.437926136674 -0.700272487428 0.519425792401 0.847193014125 0.11162814612 0.0 0.0 0.0 0.0 0.0 0.0
33.5017913451 2.47761043535 23.354985028 -0.833218495362 0.531123163987 -0.153802222557 0.519425792401 0.847193014125 0.11162814612 0.0 0.0 0.0 0.0 0.0 0.0
33.675979794 2.87296612894 23.0355521526 -0.786111110495 0.422537621395 0.4511000781 0.519425792401 0.847193014125 0.11162814612 0.0 0.0 0.0 0.0 0.0 0.0
33.6709741906 3.36463928662 22.8189475541 -0.440346971674 0.153422971984 0.884621917095 0.519425792401 0.847193014125 0.11162814612 0.0 0.0 0.0 0.0 0.0 0.0
33.5655914811 3.89128521559 22.8039925495 0.0727123438943 -0.17397962958 0.982061099696 0.519425792401 0.847193014125 0.11162814612 0.0 0.0 0.0 0.0 0.0 0.0
33.4767835528 4.37827248252 23.0128984035 0.558147024332 -0.435284461082 0.706398851337 0.519425792401 0.847193014125 0.11162814612 0.0 0.0 0.0 0.0 0.0 0.0
33.5152052561 4.76603664285 23.3828278978 0.831532318505 -0.531217448251 0.162363868996 0.519425792401 0.847193014125 0.11162814612 0.0 0.0 0.0 0.0 0.0 0.0
33.7431747777 5.03270976914 23.7897682412 0.7890045824 -0.425332045347 -0.443355861756 0.519425792401 0.847193014125 0.11162814612 0.0 0.0 0.0 0.0 0.0 0.0
34.1509979186 5.20242844231 24.095645602 0.446720813987 -0.157855887243 -0.880637288112 0.519425792401 0.847193014125 0.11162814612 0.0 0.0 0.0 0.0 0.0 0.0
34.6606510831 5.33616386102 24.2007816652 -0.0652796604329 0.169592361634 -0.983349885244 0.519425792401 0.847193014125 0.11162814612 0.0 0.0 0.0 0.0 0.0 0.0
35.155423747 5.50855786389 24.0817630911 -0.552479300437 0.432609636893 -0.712471420238 0.519425792401 0.847193014125 0.11162814612 0.0 0.0 0.0 0.0 0.0 0.0
35.524258737 5.77956524711 23.8003366344 -0.829782817243 0.531271278249 -0.170913150797 0.519425792401 0.847193014125 0.11162814612 0.0 0.0 0.0 0.0 0.0 0.0
35.7039447076 6.17167593492 23.4799505196 -0.79183796855 0.428094078616 0.435577882147 0.519425792401 0.847193014125 0.11162814612 0.0 0.0 0.0 0.0 0.0 0.0
35.7031311884 6.66137068143 23.2588543967 -0.45306063678 0.162276781166 0.87658559519 0.519425792401 0.847193014125 0.11162814612 0.0 0.0 0.0 0.0 0.0 0.0
35.5990424828 7.1880564253 23.2375759878 0.0578420056727 -0.165192178572 0.984563784891 0.519425792401 0.847193014125 0.11162814612 0.0 0.0 0.0 0.0 0.0 0.0
35.5081388642 7.67708660687 23.4407289247 0.546769503104 -0.429901867805 0.718489731683 0.519425792401 0.847193014125 0.11162814612 0.0 0.0 0.0 0.0 0.0 0.0
35.5418713711 8.06812064415 23.8076616185 0.827970124807 -0.531284649883 0.179449416901 0.519425792401 0.847193014125 0.11162814612 0.0 0.0 0.0 0.0 0.0 0.0
35.7643396939 8.33804832877 24.2154998126 0.794611053174 -0.430823510865 -0.427766731596 0.519425792401 0.847193014125 0.11162814612 0.0 0.0 0.0 0.0 0.0 0.0
36.1679396314 8.50976978054 24.5258285667 0.459365957252 -0.166685317084 -0.872467146881 0.519425792401 0.847193014125 0.11162814612 0.0 0.0 0.0 0.0 0.0 0.0
36.6762520532 8.64349530903 24.6372784072 -0.0503999460197 0.160779415487 -0.985702706193 0.519425792401 0.847193014125 0.11162814612 0.0 0.0 0.0 0.0 0.0 0.0
37.1730758058 8.81387051033 24.5240372849 -0.541018067156 0.427161360026 -0.724453327352 0.519425792401 0.847193014125 0.11162814612 0.0 0.0 0.0 0.0 0.0 0.0
37.5465744729 9.0816171571 24.2456570037 -0.82609437924 0.531257562134 -0.187972017236 0.519425792401 0.847193014125 0.11162814612 0.0 0.0 0.0 0.0 0.0 0.0
37.7317649003 9.47046398187 23.9244284954 -0.797323625089 0.433520134234 0.419923004952 0.519425792401 0.847193014125 0.11162814612 0.0 0.0 0.0 0.0 0.0 0.0
37.7352053822 9.95813173488 23.6989214492 -0.465636295227 0.171081159269 0.868282256821 0.519425792401 0.847193014125 0.11162814612 0.0 0.0 0.0 0.0 0.0 0.0
37.632504056 10.4847974435 23.6713393708 0.0429540482157 -0.156354408427 0.986766562419 0.519425792401 0.847193014125 0.11162814612 0.0 0.0 0.0 0.0 0.0 0.0
37.5395941065 10.9758221599 23.8686907613 0.535225430588 -0.424388322255 0.730361753096 0.519425792401 0.847193014125 0.11162814612 0.0 0.0 0.0 0.0 0.0 0.0
37.5686888107 11.3701075448 24.2325281364 0.824155723388 -0.531190017064 0.196480302775 0.519425792401 0.847193014125 0.11162814612 0.0 0.0 0.0 0.0 0.0 0.0
38.5576756788 10.7326795243 24.4683044998 -0.824155723388 0.531190017064 -0.196480302775 -0.519425792401 -0.847193014125 -0.11162814612 0.0 0.0 0.0 0.0 0.0 0.0
38.1818646232 10.4665561732 24.745124865 -0.535225430588 0.424388322255 -0.730361753096 -0.519425792401 -0.847193014125 -0.11162814612 0.0 0.0 0.0 0.0 0.0 0.0
37.6840489139 10.2971721534 24.8554592457 -0.0429540482157 0.156354408427 -0.986766562419 -0.519425792401 -0.847193014125 -0.11162814612 0.0 0.0 0.0 0.0 0.0 0.0
37.176441828 10.163429126 24.7408601574 0.465636295227 -0.171081159269 -0.868282256821 -0.519425792401 -0.847193014125 -0.11162814612 0.0 0.0 0.0 0.0 0.0 0.0
36.7749765502 9.99068814295 24.4283361013 0.797323625089 -0.433520134234 -0.419923004952 -0.519425792401 -0.847193014125 -0.11162814612 0.0 0.0 0.0 0.0 0.0 0.0
36.5552612178 9.71912623166 24.020090583 0.82609437924 -0.531257562134 0.187972017236 -0.519425792401 -0.847193014125 -0.11162814612 0.0 0.0 0.0 0.0 0.0 0.0
36.5238541252 9.32646414236 23.654693292 0.541018067156 -0.427161360026 0.724453327352 -0.519425792401 -0.847193014125 -0.11162814612 0.0 0.0 0.0 0.0 0.0 0.0
36.615772118 8.83643060761 23.4544351598 0.0503999460197 -0.160779415487 0.985702706193 -0.519425792401 -0.847193014125 -0.11162814612 0.0 0.0 0.0 0.0 0.0 0.0
36.7191787801 8.30974740004 23.4788679904 -0.459365957252 0.166685317084 0.872467146881 -0.519425792401 -0.847193014125 -0.11162814612 0.0 0.0 0.0 0.0 0.0 0.0
36.7178729578 7.82106011573 23.7021797346 -0.794611053174 0.430823510865 0.427766731596 -0.519425792401 -0.847193014125 -0.11162814612 0.0 0.0 0.0 0.0 0.0 0.0
36.5354355209 7.43057906429 24.0230009188 -0.827970124807 0.531284649883 -0.179449416901 -0.519425792401 -0.847193014125 -0.11162814612 0.0 0.0 0.0 0.0 0.0 0.0
36.164262268 7.16120436551 24.3029166027 -0.546769503104 0.429901867805 -0.718489731683 -0.519425792401 -0.847193014125 -0.11162814612 0.0 0.0 0.0 0.0 0.0 0.0
35.6684528896 6.98982581101 24.4190525297 -0.0578420056727 0.165192178572 -0.984563784891 -0.519425792401 -0.847193014125 -0.11162814612 0.0 0.0 0.0 0.0 0.0 0.0
35.1594584243 6.85610281883 24.3107571109 0.45306063678 -0.162276781166 -0.87658559519 -0.519425792401 -0.847193014125 -0.11162814612 0.0 0.0 0.0 0.0 0.0 0.0
34.7537391454 6.68538882926 24.0026439782 0.79183796855 -0.428094078616 -0.435577882147 -0.519425792401 -0.847193014125 -0.11162814612 0.0 0.0 0.0 0.0 0.0 0.0
34.5285193563 6.41709078101 23.5952408535 0.829782817243 -0.531271278249 0.170913150797 -0.519425792401 -0.847193014125 -0.11162814612 0.0 0.0 0.0 0.0 0.0 0.0
34.4924485865 6.02768942817 23.2267973869 0.552479300437 -0.432609636893 0.712471420238 -0.519425792401 -0.847193014125 -0.11162814612 0.0 0.0 0.0 0.0 0.0 0.0
34.5823154906 5.53967469498 23.0207618029 0.0652796604329 -0.169592361634 0.983349885244 -0.519425792401 -0.847193014125 -0.11162814612 0.0 0.0 0.0 0.0 0.0 0.0
34.6870628954 5.01300137762 23.0388808562 -0.446720813987 0.157855887243 0.880637288112 -0.519425792401 -0.847193014125 -0.11162814612 0.0 0.0 0.0 0.0 0.0 0.0
34.6899802765 4.52231131473 23.2577412071 -0.7890045824 0.425332045347 0.443355861756 -0.519425792401 -0.847193014125 -0.11162814612 0.0 0.0 0.0 0.0 0.0 0.0
34.5130440383 4.12857570495 23.5776645406 -0.831532318505 0.531217448251 -0.162363868996 -0.519425792401 -0.847193014125 -0.11162814612 0.0 0.0 0.0 0.0 0.0 0.0
34.146559982 3.85593112922 23.8605770251 -0.558147024332 0.435284461082 -0.706398851337 -0.519425792401 -0.847193014125 -0.11162814612 0.0 0.0 0.0 0.0 0.0 0.0
33.6528462938 3.68250966009 23.9824658691 -0.0727123438943 0.17397962958 -0.982061099696 -0.519425792401 -0.847193014125 -0.11162814612 0.0 0.0 0.0 0.0 0.0 0.0
33.1425578246 3.548746853 23.8804938546 0.440346971674 -0.153422971984 -0.884621917095 -0.519425792401 -0.847193014125 -0.11162814612 0.0 0.0 0.0 0.0 0.0 0.0
32.7326464614 3.38001127461 23.5768722463 0.786111110495 -0.422537621395 -0.4511000781 -0.519425792401 -0.847193014125 -0.11162814612 0.0 0.0 0.0 0.0 0.0 0.0
32.5019291506 3.11495823213 23.170422361 0.833218495362 -0.531123163987 0.153802222557 -0.519425792401 -0.847193014125 -0.11162814612 0.0 0.0 0.0 0.0 0.0 0.0
32.4611440221 2.72883564772 22.7990316971 0.563772243171 -0.437926136674 0.700272487428 -0.519425792401 -0.847193014125 -0.11162814612 0.0 0.0 0.0 0.0 0.0 0.0
32.5488707941 2.24288778666 22.5872681688 0.0801394900292 -0.178353648304 0.980697526394 -0.519425792401 -0.847193014125 -0.11162814612 0.0 0.0 0.0 0.0 0.0 0.0
32.6548653654 1.71628420586 22.5990546724 -0.433939595235 0.148978372971 0.888539178694 -0.519425792401 -0.847193014125 -0.11162814612 0.0 0.0 0.0 0.0 0.0 0.0
32.6619433923 1.22364024987 22.8133837099 -0.783157773186 0.419711019568 0.458809941426 -0.519425792401 -0.847193014125 -0.11162814612 0.0 0.0 0.0 0.0 0.0 0.0
32.4905005801 0.826669434001 23.1322984879 -0.834841219404 0.530988432637 -0.145228863483 -0.519425792401 -0.847193014125 -0.11162814612 0.0 0.0 0.0 0.0 0.0 0.0
32.1287556858 0.550737448055 23.4181083419 -0.56935452857 0.440534462495 -0.694092795058 -0.519425792401 -0.847193014125 -0.11162814612 0.0 0.0 0.0 0.0 0.0 0.0
